('`d_m', (71, 24, 2, 0, 0))
('`d_l', (41, 55, 0, 0, 0))
('sn_y', (10, 17, 42, 20, 0))
('trgWm', (53, 32, 7, 0, 0))
('`d_g', (78, 21, 0, 0, 0))
('msgn', (6, 20, 69, 2, 1))
('fHr', (48, 35, 3, 6, 0))
('mwt', (85, 3, 6, 0, 0))
('xk_m', (0, 81, 18, 0, 0))
('wk_l', (69, 28, 0, 0, 0))
('hw_k', (44, 55, 0, 0, 0))
('`by', (53, 4, 38, 0, 0))
('nqWH', (50, 0, 50, 0, 0))
('wS!', (44, 1, 38, 2, 0))
('ll_y', (4, 16, 38, 23, 0))
('Hqq', (73, 0, 26, 0, 0))
('ngWd', (70, 11, 5, 11, 0))
('wsd', (79, 19, 0, 0, 0))
('sr_t', (42, 38, 19, 0, 0))
('wg_d', (30, 22, 45, 0, 0))
('trf', (76, 6, 15, 0, 0))
('`rf', (40, 0, 58, 0, 0))
('wg_z', (37, 56, 6, 0, 0))
('!by', (97, 2, 0, 0, 0))
('mSy', (69, 7, 21, 0, 0))
('nbr', (72, 9, 11, 1, 1))
('bakn', (25, 0, 74, 0, 0))
('xt_t', (89, 10, 0, 0, 0))
('`l_m', (62, 37, 0, 0, 0))
('nbb', (11, 16, 67, 1, 0))
('Smd', (23, 73, 0, 3, 0))
('kw_l', (40, 55, 0, 0, 1))
('mls', (41, 38, 2, 0, 12))
('Sw_r', (4, 9, 0, 72, 8))
('nbH', (82, 8, 4, 0, 0))
('zrb', (5, 10, 0, 55, 12))
('Sw_`', (64, 20, 10, 0, 1))
('srH', (65, 19, 10, 0, 0))
('hd_d', (66, 16, 8, 0, 0))
('lw_T', (36, 33, 0, 1, 23))
('`r_y', (25, 43, 15, 0, 3))
('lq_H', (18, 35, 43, 0, 1))
('glS', (78, 16, 0, 1, 0))
('`ndr', (96, 0, 3, 0, 0))
('mS!', (58, 1, 37, 0, 0))
('TrTr', (29, 8, 0, 43, 0))
('drz', (61, 3, 0, 0, 0))
('kss', (53, 32, 3, 8, 0))
('nqnq', (55, 13, 0, 16, 0))
('tnfs', (4, 0, 72, 0, 0))
('lw_y', (6, 1, 88, 0, 0))
('wdq', (56, 0, 38, 1, 0))
('zr!', (68, 27, 3, 0, 0))
('`z_b', (1, 95, 1, 0, 0))
('sgr', (40, 7, 9, 6, 18))
('brr', (30, 1, 34, 14, 0))
('mn_y', (17, 59, 13, 0, 0))
('gnSl', (76, 20, 0, 0, 0))
('rkb', (50, 25, 7, 11, 0))
('brh', (47, 3, 49, 0, 0))
('Hg_z', (77, 7, 0, 0, 14))
('wl_`', (59, 31, 8, 0, 0))
('Hs_w', (88, 8, 0, 0, 0))
('dnn', (37, 0, 56, 6, 0))
('`Tq', (32, 38, 27, 0, 1))
('msl', (64, 9, 12, 0, 9))
('`w_t', (11, 82, 5, 0, 0))
('Hw_s', (30, 39, 1, 0, 18))
('qdd', (54, 33, 0, 0, 4))
('Tw_y', (31, 20, 20, 0, 20))
('Hmxx', (41, 41, 11, 5, 0))
('Hw_y', (77, 14, 3, 0, 1))
('flT', (66, 18, 8, 3, 0))
('nks', (43, 30, 5, 11, 0))
('lHs', (33, 16, 50, 0, 0))
('Sb_y', (4, 87, 3, 0, 0))
('fly', (18, 34, 3, 1, 26))
('gnzb', (12, 69, 12, 0, 0))
('nwH', (26, 2, 4, 34, 0))
('Tf!', (50, 0, 44, 1, 0))
('qdH', (83, 16, 0, 0, 0))
('lT_f', (50, 46, 0, 0, 3))
('Hlm', (87, 12, 0, 0, 0))
('Tm_t', (75, 11, 3, 0, 5))
('zmt', (59, 40, 0, 0, 0))
('Hlf', (59, 6, 31, 0, 1))
('Hk_m', (48, 46, 2, 0, 0))
('hnTy', (0, 80, 19, 0, 0))
('!sr', (45, 30, 2, 0, 11))
('lg_b', (34, 5, 0, 26, 7))
('!tw', (53, 3, 31, 0, 5))
('kyd', (41, 2, 3, 16, 0))
('wn_n', (84, 12, 1, 0, 0))
('wany', (76, 17, 5, 0, 0))
('!ngd', (4, 52, 43, 0, 0))
('wt_f', (53, 38, 0, 0, 0))
('kt_l', (0, 36, 15, 0, 44))
('HC_C', (75, 25, 0, 0, 0))
('wd_!', (60, 30, 8, 0, 0))
('zm_r', (79, 18, 0, 0, 0))
('b`l', (28, 28, 35, 3, 0))
('jm_r', (74, 15, 6, 0, 0))
('zk_r', (52, 20, 6, 0, 0))
('mr`w', (3, 82, 6, 0, 5))
('gz!', (75, 22, 0, 0, 0))
('TT_`', (75, 0, 25, 0, 0))
('bky', (67, 7, 6, 0, 0))
('w`l', (56, 16, 24, 0, 1))
('znb', (47, 4, 47, 0, 0))
('xql', (0, 0, 0, 52, 0))
('bkWr', (63, 0, 36, 0, 0))
('ghd', (5, 36, 44, 7, 0))
('w`y', (52, 4, 32, 0, 0))
('tall', (15, 43, 41, 0, 0))
('wf_y', (40, 20, 36, 1, 0))
('dnagr', (1, 47, 50, 0, 0))
('Hry', (64, 30, 2, 0, 1))
('Slmt', (65, 2, 32, 0, 0))
('l!k', (38, 38, 3, 10, 2))
('kbb', (40, 33, 8, 0, 0))
('Hrq', (59, 0, 38, 0, 1))
('Hrs', (76, 19, 4, 0, 0))
('Hrr', (53, 17, 25, 0, 0))
('mrkWs', (1, 88, 10, 0, 0))
('kbr', (26, 18, 48, 0, 5))
('Hrd', (60, 30, 7, 0, 0))
('wrd', (48, 3, 32, 9, 0))
('gWd!', (62, 32, 0, 4, 0))
('dmss', (50, 40, 7, 1, 0))
('m`ry', (66, 6, 0, 13, 0))
('nTr', (83, 4, 4, 4, 0))
('`q_n', (45, 55, 0, 0, 0))
('wrr', (62, 19, 10, 0, 0))
('kx_n', (81, 9, 0, 0, 0))
('ws_k', (70, 25, 3, 0, 0))
('nTb', (68, 0, 31, 0, 0))
('ws_n', (57, 35, 2, 2, 0))
('nfH', (62, 33, 0, 0, 0))
('bt_n', (30, 22, 1, 0, 32))
('nady', (7, 17, 75, 0, 0))
('lzb', (13, 0, 8, 78, 0))
('Sl_y', (69, 9, 14, 0, 0))
('gWdl', (67, 1, 28, 1, 0))
('nfs', (48, 0, 35, 14, 0))
('xf_n', (56, 33, 0, 0, 3))
('zwr', (37, 6, 3, 25, 13))
('Hmbs', (100, 0, 0, 0, 0))
('nS_r', (13, 15, 44, 0, 8))
('mxmx', (100, 0, 0, 0, 0))
('k!l', (56, 20, 16, 4, 1))
('ftH', (62, 24, 3, 6, 0))
('gff', (55, 37, 0, 0, 0))
('lm_n', (84, 7, 5, 0, 0))
('ftw', (79, 13, 2, 3, 0))
('wT_H', (30, 50, 20, 0, 0))
('smr', (49, 11, 39, 0, 0))
('zntw', (7, 15, 75, 0, 0))
('gfH', (40, 2, 34, 8, 0))
('wT_T', (42, 16, 0, 30, 0))
('bl`', (70, 13, 8, 2, 1))
('sm`', (46, 17, 12, 0, 12))
('sbr', (45, 38, 2, 1, 6))
('wnCf', (17, 62, 2, 17, 0))
('gTm', (44, 2, 0, 4, 1))
('Tlb', (78, 21, 0, 0, 0))
('lmm', (29, 20, 29, 0, 0))
('sbk', (86, 13, 0, 0, 0))
('lmd', (39, 14, 6, 7, 28))
('Tll', (11, 0, 44, 11, 0))
('wg!', (21, 20, 1, 43, 0))
('Sg_n', (60, 37, 0, 0, 0))
('Sg_m', (34, 29, 34, 0, 0))
('Sg_b', (89, 8, 0, 2, 0))
('Sg_`', (18, 45, 25, 1, 9))
('sTH', (10, 26, 0, 26, 0))
('SHf', (61, 21, 4, 5, 1))
('wld', (60, 36, 0, 0, 0))
('kft', (67, 29, 2, 0, 0))
('nk_y', (60, 25, 5, 4, 0))
('wqs', (75, 15, 3, 0, 5))
('kfl', (42, 19, 4, 11, 6))
('Sl!', (68, 17, 7, 2, 0))
('`nw', (51, 0, 48, 0, 0))
('wq`', (62, 26, 4, 5, 0))
('b!s', (26, 28, 8, 16, 0))
('rHq', (55, 9, 22, 0, 10))
('dfr', (48, 29, 13, 5, 1))
('n|qTqT', (0, 20, 80, 0, 0))
('mr_q', (43, 46, 8, 0, 0))
('qnTT', (50, 50, 0, 0, 0))
('dr_k', (67, 30, 1, 0, 0))
('fTr', (69, 29, 0, 0, 0))
('Hdr', (60, 3, 36, 0, 0))
('s!l', (48, 37, 0, 6, 0))
('Slw', (62, 28, 1, 0, 6))
('Hdg', (81, 11, 6, 0, 0))
('qll', (36, 0, 22, 13, 0))
('mg_b', (40, 46, 4, 0, 0))
('HkWr', (95, 0, 5, 0, 0))
('ql`', (22, 11, 0, 24, 0))
('gyx', (69, 1, 12, 4, 0))
('stf', (0, 0, 0, 80, 0))
('Hb_r', (64, 15, 0, 0, 18))
('dany', (56, 40, 3, 0, 0))
('rgWd', (18, 4, 18, 0, 0))
('str', (64, 35, 0, 0, 0))
('mWg_s', (35, 21, 42, 0, 0))
('msrt', (54, 43, 0, 0, 0))
('df!', (48, 16, 0, 1, 6))
('sty', (62, 9, 25, 1, 0))
('lbs', (51, 6, 33, 4, 0))
('m`bl', (44, 0, 54, 0, 0))
('Tq`', (4, 28, 48, 0, 0))
('bhl', (61, 10, 19, 3, 2))
('lbw', (15, 3, 0, 73, 0))
('Tqm', (19, 78, 0, 0, 0))
('nqf', (70, 22, 1, 0, 2))
('Tqs', (68, 29, 1, 0, 0))
('nql', (58, 9, 32, 0, 0))
('nqS', (74, 0, 22, 0, 0))
('db_s', (62, 34, 0, 0, 3))
('wlwl', (42, 0, 4, 38, 0))
('Trnf', (37, 51, 1, 9, 0))
('fxl', (62, 1, 36, 0, 0))
('blaxw', (3, 63, 32, 0, 0))
('sHq', (64, 5, 26, 1, 1))
('sHt', (60, 25, 10, 2, 0))
('whb', (61, 22, 1, 8, 0))
('sfy', (36, 15, 39, 3, 0))
('dbdb', (80, 15, 5, 0, 0))
('mrS', (70, 22, 1, 0, 0))
('n|saff', (0, 57, 42, 0, 0))
('sHb', (62, 17, 0, 5, 5))
('mrH', (54, 19, 21, 0, 1))
('HgW_s', (18, 68, 12, 0, 0))
('sff', (27, 6, 57, 3, 0))
('qals', (10, 88, 0, 0, 0))
('sHl', (58, 29, 5, 5, 0))
('gWyy', (55, 3, 3, 32, 0))
('n|qsaqs', (0, 83, 16, 0, 0))
('`gt', (67, 32, 0, 0, 0))
('nx_w', (10, 0, 0, 10, 10))
('rhS', (91, 5, 2, 0, 0))
('ml_s', (46, 30, 6, 0, 12))
('qS_l', (69, 2, 4, 13, 0))
('sfH', (46, 3, 36, 0, 0))
('badm', (66, 5, 27, 0, 0))
('dn_q', (0, 70, 30, 0, 0))
('HSb', (41, 50, 3, 0, 3))
('tkl', (51, 31, 15, 0, 1))
('tkk', (56, 8, 34, 0, 0))
('HSr', (49, 34, 14, 0, 0))
('gWlbb', (35, 58, 5, 0, 0))
('n|Sbarq', (0, 43, 56, 0, 0))
('HSy', (41, 50, 5, 0, 2))
('mrmr', (41, 28, 3, 25, 0))
('ngf', (16, 2, 0, 41, 0))
('nzH', (78, 21, 0, 0, 0))
('HqWf', (68, 18, 3, 0, 8))
('HqWn', (52, 43, 0, 0, 0))
('hrm', (70, 26, 0, 0, 2))
('`yy', (79, 12, 4, 0, 0))
('ngr', (66, 29, 0, 1, 1))
('S`r', (71, 21, 3, 2, 0))
('dw_l', (80, 12, 3, 0, 2))
('!ry', (70, 10, 0, 0, 0))
('wHT', (39, 32, 2, 10, 1))
('bSH', (60, 9, 25, 2, 0))
('zt_y', (46, 10, 4, 29, 0))
('!rg', (90, 3, 6, 0, 0))
('tb`', (7, 0, 0, 0, 26))
('snTq', (80, 9, 3, 6, 0))
('Snqq', (44, 51, 3, 0, 0))
('rqWH', (46, 53, 0, 0, 0))
('tkW_s', (53, 39, 0, 6, 0))
('fqd', (26, 35, 37, 0, 0))
('dq_s', (75, 1, 22, 0, 0))
('THn', (50, 21, 21, 7, 0))
('THl', (78, 7, 13, 0, 0))
('gbr', (74, 23, 1, 0, 0))
('wHs', (6, 20, 61, 8, 0))
('fqr', (0, 6, 79, 12, 0))
('wHz', (63, 9, 27, 0, 0))
('Tmr', (36, 20, 0, 12, 6))
('gW`z', (6, 53, 0, 30, 2))
('qlql', (1, 63, 11, 22, 0))
('ft_n', (62, 17, 5, 0, 10))
('gWasy', (70, 15, 15, 0, 0))
('bar`', (17, 60, 21, 0, 0))
('zrgH', (57, 36, 3, 0, 0))
('qlTf', (50, 0, 1, 24, 0))
('qtl', (71, 26, 1, 0, 0))
('Hsb', (70, 10, 1, 0, 1))
('qS`', (40, 43, 13, 0, 0))
('fann', (23, 11, 65, 0, 0))
('xwm', (53, 46, 0, 0, 0))
('dlw', (25, 4, 12, 28, 0))
('dly', (57, 10, 20, 4, 0))
('Srf', (42, 16, 2, 37, 0))
('Hd_s', (24, 57, 18, 0, 0))
('`q_b', (78, 20, 0, 0, 0))
('qWrs', (53, 38, 0, 7, 0))
('Srr', (32, 0, 6, 46, 0))
('kW`t', (50, 16, 3, 26, 0))
('Sry', (29, 3, 21, 17, 0))
('r!y', (41, 26, 20, 3, 1))
('kt`', (0, 0, 0, 73, 0))
('qWrS', (32, 10, 4, 5, 2))
('Tbq', (23, 2, 13, 55, 0))
('zbT', (72, 16, 12, 0, 0))
('dkm', (51, 0, 11, 15, 0))
('S`n', (57, 25, 5, 8, 1))
('hbtm', (88, 0, 11, 0, 0))
('tmny', (7, 82, 7, 0, 0))
('Cn_q', (12, 57, 23, 1, 1))
('n`q', (47, 25, 4, 15, 2))
('kwn', (87, 4, 7, 0, 0))
('mHSn', (2, 83, 9, 4, 0))
('zng`', (52, 8, 6, 14, 0))
('dg_f', (69, 18, 2, 0, 9))
('slky', (66, 0, 33, 0, 0))
('ml!', (41, 10, 0, 17, 2))
('s|tnfs', (0, 0, 96, 0, 0))
('Sdq', (41, 3, 55, 0, 0))
('frd', (50, 39, 6, 0, 1))
('kzn', (39, 52, 4, 4, 0))
('frh', (68, 7, 19, 0, 1))
('mark', (30, 66, 2, 0, 0))
('frs', (45, 1, 45, 0, 1))
('m|brkk', (0, 74, 25, 0, 0))
('bqWl', (61, 3, 34, 0, 0))
('hd!', (52, 0, 35, 0, 2))
('fry', (38, 4, 44, 9, 0))
('tHz', (56, 13, 6, 3, 10))
('dy_b', (76, 2, 21, 0, 0))
('tHt', (59, 26, 14, 0, 0))
('qsm', (75, 16, 7, 0, 0))
('gWhy', (63, 6, 27, 0, 0))
('lgs', (38, 15, 34, 0, 0))
('dm_r', (32, 39, 0, 0, 17))
('snbt', (2, 2, 0, 86, 0))
('mlk', (47, 19, 29, 0, 0))
('drq', (71, 7, 14, 0, 0))
('gr_h', (28, 52, 19, 0, 0))
('snbd', (38, 0, 31, 24, 0))
('gr_m', (33, 36, 29, 0, 0))
('hdn', (58, 38, 0, 0, 3))
('hdm', (83, 7, 8, 0, 0))
('gnn', (34, 0, 0, 31, 0))
('rbb', (11, 0, 66, 0, 0))
('qm_T', (0, 55, 39, 0, 0))
('Swt', (2, 5, 0, 80, 0))
('kWskWs', (77, 18, 4, 0, 0))
('qy_m', (0, 65, 25, 0, 10))
('mql', (21, 25, 0, 17, 19))
('SqT', (55, 15, 24, 0, 3))
('kWr_y', (69, 4, 17, 8, 0))
('mmy', (32, 4, 57, 2, 0))
('qy_r', (46, 29, 7, 0, 7))
('k`w', (44, 40, 0, 11, 0))
('dmdm', (62, 34, 0, 0, 0))
('mWlq', (90, 0, 0, 0, 9))
('T`s', (0, 44, 0, 21, 0))
('n!s', (47, 12, 5, 1, 2))
('glgl', (0, 15, 56, 18, 0))
('lqq', (46, 31, 4, 15, 0))
('T`y', (58, 4, 8, 8, 0))
('knakn', (0, 100, 0, 0, 0))
('T`m', (65, 19, 5, 0, 6))
('mHl', (69, 9, 4, 0, 16))
('fk_r', (89, 5, 5, 0, 0))
('dgm', (50, 10, 1, 1, 13))
('naby', (86, 4, 8, 0, 0))
('tnkf', (62, 32, 2, 4, 0))
('mHw', (59, 4, 9, 13, 9))
('mzn', (57, 20, 1, 0, 5))
('mHr', (50, 14, 28, 6, 0))
('Tnqq', (8, 53, 36, 1, 0))
('gd_d', (18, 31, 32, 2, 0))
('Sn`', (21, 11, 47, 0, 3))
('mkk', (52, 4, 30, 0, 0))
('dr_b', (50, 22, 2, 0, 15))
('mHdr', (2, 1, 1, 42, 0))
('gd_s', (16, 47, 36, 0, 0))
('dngS', (48, 0, 20, 30, 0))
('dr_r', (0, 80, 0, 0, 0))
('drf', (72, 22, 2, 0, 0))
('rgS', (27, 5, 3, 0, 16))
('sw_r', (25, 53, 0, 1, 0))
('md_b', (49, 48, 0, 0, 0))
('gdf', (86, 8, 2, 2, 0))
('!g_d', (60, 40, 0, 0, 0))
('qb!', (56, 43, 0, 0, 0))
('!mn', (62, 14, 11, 0, 9))
('dHr', (73, 15, 7, 3, 0))
('sk_m', (0, 66, 32, 0, 0))
('!k_b', (43, 36, 0, 0, 9))
('rs_`', (68, 14, 11, 0, 0))
('rgf', (51, 0, 16, 6, 0))
('rgm', (45, 17, 10, 27, 0))
('dHn', (37, 5, 56, 0, 0))
('qwm', (27, 0, 25, 43, 0))
('frH', (55, 6, 19, 0, 2))
('s`m', (81, 6, 0, 0, 11))
('`nqS', (85, 14, 0, 0, 0))
('Tr`', (65, 4, 0, 30, 0))
('s`b', (56, 7, 34, 0, 0))
('Try', (5, 12, 80, 0, 0))
('s`r', (55, 30, 2, 9, 0))
('fS_m', (67, 26, 5, 0, 0))
('SbSb', (60, 31, 4, 4, 0))
('gadm', (16, 83, 0, 0, 0))
('brabr', (0, 55, 44, 0, 0))
('zll', (89, 4, 2, 0, 0))
('`nqf', (74, 20, 0, 5, 0))
('mhz', (49, 42, 1, 3, 0))
('gm_t', (73, 21, 5, 0, 0))
('sql', (46, 43, 10, 0, 0))
('kWn_n', (72, 22, 2, 0, 0))
('mhr', (29, 41, 8, 15, 0))
('kdn', (31, 59, 2, 0, 0))
('Cflq', (68, 26, 0, 5, 0))
('qd_m', (51, 5, 26, 0, 13))
('dhss', (77, 21, 1, 0, 0))
('`ll', (9, 8, 81, 0, 0))
('kd`', (91, 8, 0, 0, 0))
('!lm', (66, 29, 0, 0, 0))
('qWsl', (63, 0, 28, 2, 0))
('`bll', (73, 23, 2, 0, 0))
('qb_l', (0, 86, 7, 0, 2))
('dngWy', (54, 7, 8, 15, 0))
('mz_z', (46, 34, 0, 1, 0))
('Hkk', (57, 39, 0, 0, 3))
('qWnSb', (0, 0, 0, 0, 0))
('rd_!', (30, 25, 30, 0, 7))
('nfr', (54, 9, 9, 0, 0))
('qn_y', (69, 5, 5, 13, 0))
('!w_j', (80, 17, 2, 0, 0))
('zzw', (31, 0, 62, 0, 0))
('!w_d', (76, 23, 0, 0, 0))
('s`s`', (84, 6, 6, 0, 0))
('mlkt', (5, 51, 37, 0, 0))
('srS', (40, 2, 57, 0, 0))
('qn`', (34, 1, 44, 10, 0))
('rx_n', (66, 33, 0, 0, 0))
('hl_w', (89, 0, 8, 0, 0))
('gWbT', (75, 25, 0, 0, 0))
('Hbr', (49, 21, 4, 0, 24))
('bsl', (64, 4, 28, 0, 0))
('sr`', (54, 35, 6, 0, 0))
('kry', (20, 14, 6, 39, 0))
('qWSr', (29, 18, 10, 2, 37))
('ndd', (40, 1, 44, 0, 0))
('mTT', (30, 30, 3, 3, 0))
('ndf', (37, 53, 6, 3, 0))
('srq', (78, 21, 0, 0, 0))
('qrb', (39, 8, 40, 2, 6))
('l`l', (10, 26, 39, 6, 2))
('g`z', (45, 9, 31, 9, 1))
('tk_!', (60, 30, 4, 0, 3))
('g`r', (78, 12, 6, 0, 0))
('lagS', (12, 54, 33, 0, 0))
('n|TlTl', (0, 45, 54, 0, 0))
('mskr', (56, 15, 23, 0, 0))
('gl_l', (41, 44, 13, 0, 0))
('zHl', (57, 9, 30, 0, 0))
('`lb', (86, 0, 13, 0, 0))
('xyT', (63, 33, 1, 1, 0))
('klkl', (29, 12, 0, 57, 0))
('qrS', (57, 27, 3, 1, 0))
('mkr', (54, 12, 2, 12, 3))
('tsfy', (66, 19, 14, 0, 0))
('!z_z', (56, 41, 1, 0, 0))
('gWn_S', (35, 41, 0, 11, 5))
('marr', (21, 21, 57, 0, 0))
('Hb!', (54, 38, 1, 0, 1))
('tns!', (76, 1, 21, 0, 0))
('mbaS`', (0, 50, 50, 0, 0))
('sdd', (66, 30, 1, 0, 0))
('fn_w', (31, 25, 0, 20, 0))
('dmS', (0, 4, 90, 0, 0))
('qany', (47, 38, 14, 0, 0))
('nSh', (50, 0, 50, 0, 0))
('`mbb', (100, 0, 0, 0, 0))
('Htm', (22, 39, 36, 0, 0))
('`Sw', (61, 38, 0, 0, 0))
('nSg', (74, 25, 0, 0, 0))
('dmq', (61, 2, 30, 0, 0))
('Htt', (73, 19, 3, 0, 0))
('brkt', (12, 4, 82, 0, 0))
('fdy', (44, 50, 3, 1, 0))
('dmy', (39, 3, 26, 8, 0))
('`Sf', (38, 27, 0, 0, 34))
('`Sd', (66, 29, 3, 0, 0))
('Cnw', (71, 14, 0, 4, 0))
('SnH', (86, 2, 10, 0, 0))
('sgW_m', (79, 2, 13, 0, 0))
('fkWs', (41, 2, 33, 2, 0))
('hq_n', (86, 6, 6, 0, 0))
('sl_m', (47, 29, 0, 8, 1))
('gb_!', (43, 46, 1, 8, 0))
('rbrb', (35, 8, 18, 37, 0))
('myT', (12, 1, 0, 0, 72))
('saqy', (9, 44, 46, 0, 0))
('!kl', (88, 1, 8, 0, 0))
('faSy', (64, 14, 21, 0, 0))
('Hfs', (57, 34, 6, 0, 0))
('hnS', (57, 40, 0, 0, 0))
('!ly', (64, 27, 1, 0, 0))
('gWj_l', (0, 10, 10, 0, 30))
('qWT_b', (20, 80, 0, 0, 0))
('sndw', (68, 19, 0, 4, 0))
('fss', (33, 0, 60, 2, 0))
('zwtr', (0, 100, 0, 0, 0))
('masy', (33, 0, 66, 0, 0))
