('nwH', (26, 2, 4, 34, 0))
('wS!', (44, 1, 38, 2, 0))
('Hqq', (73, 0, 26, 0, 0))
('!by', (97, 2, 0, 0, 0))
('bakn', (25, 0, 74, 0, 0))
('`ndr', (96, 0, 3, 0, 0))
('mS!', (58, 1, 37, 0, 0))
('wdq', (55, 0, 37, 1, 0))
('brr', (29, 1, 33, 14, 0))
('dnn', (37, 0, 56, 6, 0))
('Tf!', (50, 0, 44, 1, 0))
('kyd', (41, 2, 3, 17, 0))
('bkWr', (63, 0, 36, 0, 0))
('Slmt', (65, 2, 32, 0, 0))
('Hrq', (59, 0, 38, 0, 1))
('Tbq', (22, 2, 13, 56, 0))
('nTb', (68, 0, 31, 0, 0))
('lzb', (13, 0, 8, 78, 0))
('gWdl', (67, 1, 28, 1, 0))
('nfs', (48, 0, 35, 14, 0))
('mxmx', (100, 0, 0, 0, 0))
('gfH', (40, 2, 34, 8, 0))
('gTm', (44, 2, 0, 4, 1))
('Tll', (13, 0, 53, 13, 0))
('`nw', (51, 0, 48, 0, 0))
('qll', (34, 0, 21, 13, 0))
('HkWr', (95, 0, 5, 0, 0))
('gyx', (70, 1, 11, 4, 0))
('nqS', (74, 0, 22, 0, 0))
('wlwl', (42, 0, 4, 38, 0))
('fxl', (62, 1, 36, 0, 0))
('ndd', (46, 1, 51, 0, 0))
('qS_l', (69, 2, 4, 13, 0))
('`rf', (40, 0, 58, 0, 0))
('ngf', (16, 2, 0, 41, 0))
('tb`', (7, 0, 0, 0, 25))
('dq_s', (75, 1, 22, 0, 0))
('Srr', (38, 0, 7, 54, 0))
('dkm', (51, 0, 11, 15, 0))
('slky', (66, 0, 33, 0, 0))
('frs', (45, 1, 45, 0, 1))
('dy_b', (76, 2, 21, 0, 0))
('snbd', (38, 0, 31, 24, 0))
('gnn', (30, 0, 0, 27, 0))
('dngS', (48, 0, 20, 30, 0))
('qlTf', (50, 0, 1, 24, 0))
('rgf', (51, 0, 16, 6, 0))
('hbtm', (88, 0, 11, 0, 0))
('qwm', (27, 0, 25, 43, 0))
('qWsl', (63, 0, 28, 2, 0))
('zzw', (31, 0, 62, 0, 0))
('srS', (40, 2, 57, 0, 0))
('qn`', (34, 1, 44, 10, 0))
('hl_w', (89, 0, 8, 0, 0))
('m`bl', (44, 0, 54, 0, 0))
('`lb', (85, 0, 14, 0, 0))
('hd!', (52, 0, 35, 0, 2))
('tns!', (76, 1, 21, 0, 0))
('dmq', (61, 2, 30, 0, 0))
('SnH', (86, 2, 10, 0, 0))
('sgW_m', (79, 2, 13, 0, 0))
('fkWs', (41, 2, 33, 2, 0))
('myT', (11, 1, 0, 0, 73))
('!kl', (88, 1, 8, 0, 0))
('fss', (34, 0, 61, 2, 0))
('masy', (16, 0, 33, 0, 20))
