('hnTy', (0, 80, 19, 0, 0))
('lagS', (8, 56, 34, 0, 0))
('lly', (1, 10, 65, 12, 0))
('marr', (0, 18, 81, 0, 0))
('mlkt', (5, 51, 37, 0, 0))
('mHdr', (2, 1, 1, 42, 0))
('mHSn', (2, 83, 9, 4, 0))
('mrkWs', (1, 88, 10, 0, 0))
('mr`w', (2, 83, 6, 0, 5))
('msgn', (6, 20, 69, 2, 1))
('m|brkk', (0, 74, 25, 0, 0))
('saqy', (9, 43, 46, 0, 0))
('stf', (0, 0, 0, 80, 0))
('snbt', (2, 2, 0, 86, 0))
('sk_m', (0, 66, 32, 0, 0))
('s|tnfs', (0, 0, 96, 0, 0))
('xql', (0, 0, 0, 52, 0))
('xk_m', (0, 81, 18, 0, 0))
('qlql', (1, 63, 11, 22, 0))
('qm_T', (0, 56, 39, 0, 0))
('qb_l', (0, 86, 7, 0, 2))
('qy_m', (0, 65, 25, 0, 10))
('blaxw', (3, 63, 32, 0, 0))
('brabr', (0, 55, 44, 0, 0))
('tall', (7, 39, 53, 0, 0))
('tmny', (7, 82, 7, 0, 0))
('tb`', (7, 0, 0, 0, 25))
('tnfs', (4, 0, 72, 0, 0))
('nady', (6, 15, 66, 0, 0))
('n|saff', (0, 42, 57, 0, 0))
('n|qsaqs', (0, 83, 16, 0, 0))
('n|qTqT', (0, 20, 80, 0, 0))
('n|TlTl', (0, 45, 54, 0, 0))
('n|Sbarq', (0, 27, 72, 0, 0))
('!ngd', (4, 52, 43, 0, 0))
('kt`', (0, 0, 0, 73, 0))
('kt_l', (0, 36, 15, 0, 44))
('knakn', (0, 100, 0, 0, 0))
('wHs', (6, 20, 61, 8, 0))
('`ll', (9, 8, 81, 0, 0))
('`z_b', (1, 95, 1, 0, 0))
('zrb', (4, 10, 0, 54, 12))
('zntw', (7, 15, 75, 0, 0))
('dmS', (0, 4, 90, 0, 0))
('dnagr', (1, 47, 50, 0, 0))
('dn_q', (0, 70, 30, 0, 0))
('ghd', (5, 36, 44, 7, 0))
('glgl', (0, 15, 56, 18, 0))
('gW`z', (6, 53, 0, 30, 2))
('Try', (5, 12, 80, 0, 0))
('Tq`', (4, 28, 48, 0, 0))
('Tnqq', (7, 54, 36, 1, 0))
('T`s', (0, 44, 0, 21, 0))
('Sb_y', (4, 87, 3, 0, 0))
('Swt', (2, 5, 0, 80, 0))
('Sw_r', (4, 9, 0, 72, 8))
('fqr', (0, 6, 79, 12, 0))
