('lly', (1, 10, 65, 12, 0))
('xk_m', (0, 81, 18, 0, 0))
('tnfs', (4, 0, 72, 0, 0))
('Sb_y', (4, 87, 3, 0, 0))
('hnTy', (0, 80, 19, 0, 0))
('!ngd', (4, 52, 43, 0, 0))
('kt_l', (0, 36, 15, 0, 44))
('mr`w', (2, 83, 6, 0, 5))
('dnagr', (1, 47, 50, 0, 0))
('mrkWs', (1, 88, 10, 0, 0))
('`z_b', (1, 95, 1, 0, 0))
('n|qTqT', (0, 20, 80, 0, 0))
('Tq`', (4, 28, 48, 0, 0))
('blaxw', (3, 63, 32, 0, 0))
('n|saff', (0, 42, 57, 0, 0))
('n|qsaqs', (0, 83, 16, 0, 0))
('dn_q', (0, 70, 30, 0, 0))
('n|Sbarq', (0, 27, 72, 0, 0))
('fqr', (0, 6, 79, 12, 0))
('qlql', (1, 63, 11, 22, 0))
('mHSn', (2, 83, 9, 4, 0))
('s|tnfs', (0, 0, 96, 0, 0))
('m|brkk', (0, 74, 25, 0, 0))
('marr', (0, 18, 81, 0, 0))
('qm_T', (0, 56, 39, 0, 0))
('qy_m', (0, 65, 25, 0, 10))
('T`s', (0, 44, 0, 21, 0))
('glgl', (0, 15, 56, 18, 0))
('knakn', (0, 100, 0, 0, 0))
('sk_m', (0, 66, 32, 0, 0))
('brabr', (0, 55, 44, 0, 0))
('qb_l', (0, 86, 7, 0, 2))
('n|TlTl', (0, 45, 54, 0, 0))
('dmS', (0, 4, 90, 0, 0))
