('hl_w', (1, 12, 5, 12, 25, 4, 5, 15, 17))
('hrm', (3, 5, 11, 5, 33, 31, 7))
('hq_n', (40, 60))
('hbtm', (33, 66))
('hnTy', (28, 14, 28, 14, 14))
('hnS', (46, 49, 4))
('hw_k', (21, 14, 14, 28, 21))
('hdm', (5, 29, 47, 17))
('hdn', (5, 33, 5, 11, 44))
('hd!', (50, 10, 20, 20))
('lagS', (100,))
('lly', (5, 11, 6, 7, 27, 4, 5, 22, 8))
('lHs', (12, 50, 37))
('lmm', (33, 33, 22, 11))
('lmd', (1, 1, 67, 14, 1, 12))
('lm_n', (10, 2, 2, 2, 33, 37, 2, 10))
('lqq', (35, 42, 21))
('lq_H', (3, 3, 3, 3, 51, 20, 3, 10))
('lbs', (2, 2, 2, 45, 37, 8))
('lbw', (5, 10, 5, 10, 31, 21, 15))
('l!k', (2, 7, 2, 4, 45, 16, 4, 16))
('lw_T', (7, 7, 42, 19, 2, 21))
('l`l', (0, 2, 1, 2, 47, 22, 10, 11))
('lzb', ())
('lgs', (15, 53, 23, 7))
('lg_b', (8, 33, 41, 16))
('lT_f', (77, 11, 11))
('Hlm', (94, 5))
('Hlf', (0, 3, 1, 2, 54, 3, 5, 17, 10))
('Hmxx', (80, 20))
('Hrr', (11, 33, 33, 22))
('Hrs', (4, 4, 47, 42))
('Hrq', (5, 11, 11, 5, 11, 41, 11))
('Hry', (12, 12, 25, 43, 6))
('Hrd', (7, 7, 14, 35, 7, 28))
('Hsb', (0, 3, 5, 5, 54, 17, 4, 8))
('Hs_w', (100,))
('Hqq', (20, 20, 60))
('HqWn', (20, 40, 40))
('HqWf', (6, 6, 3, 34, 31, 3, 13))
('Hbr', (2, 4, 3, 14, 22, 15, 3, 16, 16))
('Hb!', (9, 4, 72, 9, 4))
('Hb_r', (3, 7, 12, 4, 15, 24, 12, 3, 16))
('Htm', (17, 47, 13, 21))
('Htt', (2, 7, 8, 6, 29, 3, 4, 25, 12))
('Hkk', (37, 12, 25, 12, 12))
('Hk_m', (8, 8, 41, 41))
('HkWr', (75, 25))
('Hw_s', (4, 8, 4, 51, 14, 2, 14))
('Hw_y', (33, 26, 13, 26))
('Hdr', (5, 8, 3, 8, 29, 22, 1, 12, 7))
('Hdg', (3, 3, 11, 43, 1, 1, 21, 12))
('Hd_s', (11, 11, 11, 33, 22, 11))
('Hg_z', (2, 10, 3, 11, 20, 17, 4, 16, 12))
('HgW_s', (3, 16, 10, 10, 6, 3, 33, 16))
('HSr', (3, 10, 3, 48, 20, 3, 10))
('HSb', (12, 12, 6, 31, 25, 6, 6))
('HSy', (16, 16, 25, 8, 33))
('Hfs', (5, 66, 22, 5))
('marr', (66, 33))
('mark', (13, 6, 33, 20, 13, 13))
('masy', (28, 14, 14, 14, 14, 14))
('mhr', (0, 14, 2, 3, 42, 5, 1, 16, 14))
('mhz', (71, 14, 14))
('mls', (2, 8, 8, 2, 35, 1, 3, 27, 10))
('ml!', (1, 3, 1, 45, 27, 6, 12, 1))
('mlk', (7, 5, 1, 1, 51, 14, 1, 14))
('mlkt', (9, 2, 1, 5, 41, 18, 7, 14))
('ml_s', (2, 6, 6, 0, 37, 0, 7, 30, 8))
('mHl', (16, 66, 16))
('mHr', (23, 14, 4, 23, 14, 9, 9))
('mHw', (25, 62, 12))
('mHdr', (5, 45, 42, 5))
('mHSn', (5, 5, 15, 15, 10, 5, 15, 26))
('mmy', (17, 10, 2, 10, 17, 20, 15, 7))
('mrH', (0, 15, 3, 10, 26, 6, 4, 24, 8))
('mrmr', (2, 5, 5, 43, 2, 35, 5))
('mrkWs', (11, 55, 11, 22))
('mr`w', (5, 2, 2, 25, 50, 5, 8))
('mrS', (1, 2, 4, 2, 47, 2, 2, 23, 13))
('mr_q', (7, 15, 7, 30, 23, 15))
('msl', (4, 8, 3, 12, 22, 18, 5, 15, 8))
('msrt', (2, 37, 57, 2))
('mskr', (96, 3))
('msgn', (4, 17, 6, 34, 8, 4, 6, 17))
('mxmx', (100,))
('mql', (6, 40, 23, 16, 13))
('mn_y', (1, 10, 2, 33, 28, 10, 13))
('mkr', (4, 9, 2, 7, 41, 17, 2, 14))
('mkk', (50, 50))
('mwt', (13, 5, 13, 13, 28, 10, 15))
('m`bl', (43, 43, 12))
('mzn', (4, 2, 48, 31, 2, 10))
('mz_z', (8, 66, 16, 8))
('myT', (27, 9, 18, 18, 18, 9))
('md_b', (2, 55, 26, 2, 13))
('mg_b', (10, 4, 2, 36, 28, 2, 16))
('mTT', (60, 20, 20))
('mS!', (4, 9, 10, 10, 27, 4, 2, 18, 12))
('mSy', (3, 9, 9, 10, 24, 2, 4, 24, 12))
('m|brkk', (25, 50, 25))
('rhS', (14, 14, 14, 57))
('rHq', (3, 6, 36, 15, 12, 27))
('rs_`', (2, 5, 5, 2, 46, 1, 2, 20, 12))
('rx_n', (13, 40, 6, 40))
('rqWH', (16, 16, 16, 50))
('rbrb', (40, 40, 20))
('r!y', (1, 8, 7, 5, 33, 1, 6, 21, 15))
('rkb', (1, 3, 4, 4, 39, 1, 5, 23, 17))
('rd_!', (2, 7, 2, 10, 38, 13, 3, 12, 9))
('rgm', (23, 23, 23, 15, 15))
('rgS', (1, 3, 1, 3, 55, 0, 1, 23, 7))
('rgf', (60, 40))
('rgWd', (100,))
('saqy', (10, 6, 4, 23, 14, 17, 23))
('slky', (27, 18, 27, 27))
('sl_m', (8, 4, 4, 32, 32, 4, 16))
('sHl', (25, 50, 25))
('sHq', (8, 8, 4, 16, 25, 8, 4, 25))
('sHb', (8, 5, 2, 34, 25, 5, 17))
('sHt', (1, 3, 3, 67, 1, 4, 14, 3))
('smr', (9, 4, 59, 4, 22))
('sm`', (1, 9, 9, 8, 31, 1, 7, 17, 11))
('srH', (6, 2, 0, 4, 37, 25, 6, 16))
('srq', (12, 6, 6, 43, 18, 12))
('sr`', (2, 2, 43, 41, 2, 7))
('srS', (13, 80, 6))
('sr_t', (6, 33, 20, 6, 33))
('sql', (5, 29, 35, 5, 23))
('sbr', (11, 11, 34, 26, 3, 11))
('sbk', (30, 7, 30, 30))
('str', (50, 25, 25))
('sty', (8, 6, 37, 27, 8, 12))
('stf', (1, 1, 64, 23, 2, 6))
('snbt', (6, 26, 33, 13, 20))
('snbd', (4, 8, 4, 28, 44, 12))
('sndw', (6, 81, 12))
('snTq', (62, 37))
('sn_y', (9, 1, 33, 22, 13, 19))
('s!l', (2, 11, 2, 2, 32, 17, 2, 26))
('sk_m', (2, 4, 2, 4, 55, 4, 17, 8))
('sw_r', (16, 6, 3, 30, 26, 16))
('s`m', (4, 18, 27, 27, 9, 13))
('s`r', (5, 8, 27, 33, 8, 15))
('s`s`', (11, 55, 11, 22))
('s`b', (1, 3, 8, 3, 41, 21, 6, 15))
('sdd', (1, 5, 9, 1, 42, 23, 3, 13))
('sgr', (5, 3, 2, 0, 47, 26, 3, 10))
('sgW_m', (13, 4, 31, 40, 4, 4))
('sTH', (12, 50, 25, 12))
('sfH', (41, 25, 33))
('sfy', (20, 13, 33, 20, 13))
('sff', (18, 45, 13, 22))
('s|tnfs', (25, 75))
('xql', (16, 5, 5, 11, 22, 16, 22))
('xt_t', (50, 16, 33))
('xk_m', (33, 33, 33))
('xyT', (1, 44, 31, 8, 14))
('xf_n', (2, 2, 70, 16, 8))
('qals', (12, 2, 37, 27, 2, 17))
('qany', (14, 28, 14, 42))
('qll', (25, 6, 12, 43, 6, 6))
('qlql', (7, 14, 57, 21))
('ql`', (11, 8, 5, 28, 25, 8, 11))
('qlTf', (20, 60, 20))
('qm_T', (7, 2, 1, 39, 33, 1, 13))
('qrb', (1, 6, 3, 3, 40, 0, 4, 22, 17))
('qrS', (4, 4, 60, 16, 16))
('qsm', (80, 6, 13))
('qb!', (50, 50))
('qb_l', (1, 6, 6, 4, 50, 0, 2, 18, 9))
('qtl', (2, 3, 12, 2, 28, 23, 5, 21))
('qn`', (45, 35, 10, 10))
('qnTT', (80, 20))
('qn_y', (15, 10, 42, 15, 15))
('qwm', (0, 10, 0, 5, 41, 31, 4, 5))
('qy_m', (16, 33, 50))
('qy_r', (4, 8, 2, 39, 24, 7, 13))
('qdH', (100,))
('qdd', (25, 25, 50))
('qd_m', (2, 16, 8, 8, 18, 2, 2, 32, 8))
('qS`', (6, 31, 31, 31))
('qS_l', (1, 66, 28, 1, 2))
('qWrS', (1, 1, 49, 37, 2, 8))
('qWsl', (100,))
('qWT_b', (80, 20))
('qWSr', (2, 3, 0, 3, 44, 27, 5, 13))
('bar`', (66, 33))
('bakn', (81, 18))
('badm', (12, 62, 25))
('bhl', (3, 8, 10, 0, 8, 28, 3, 6, 17, 13))
('blaxw', (7, 57, 28, 7))
('bl`', (10, 5, 6, 36, 23, 9, 9))
('brabr', (5, 5, 44, 16, 5, 22))
('brh', (7, 50, 30, 3, 7))
('brr', (1, 6, 24, 3, 6, 37, 20))
('brkt', (67, 20, 11))
('bsl', (7, 7, 14, 57, 7, 7))
('bqWl', (7, 42, 42, 7))
('bt_n', (57, 15, 26))
('b!s', (7, 3, 3, 34, 11, 11, 11, 15))
('bky', (23, 5, 5, 58, 5))
('bkWr', (50, 50))
('b`l', (11, 44, 33, 11))
('bSH', (2, 12, 5, 6, 37, 2, 7, 15, 11))
('tall', (14, 4, 14, 9, 14, 9, 14, 19))
('tHt', (2, 8, 13, 2, 29, 21, 8, 13))
('tHz', (1, 5, 5, 3, 44, 1, 4, 19, 13))
('tmny', (60, 20, 13, 6))
('trgWm', (3, 62, 29, 3))
('trf', (4, 13, 5, 9, 27, 2, 5, 21, 10))
('tsfy', (8, 50, 16, 25))
('tb`', (4, 10, 2, 4, 20, 20, 8, 29))
('tns!', (55, 33, 11))
('tnkf', (2, 5, 2, 7, 42, 15, 7, 12, 5))
('tnfs', (25, 62, 12))
('tkl', (2, 48, 36, 12))
('tkk', (44, 55))
('tk_!', (4, 38, 23, 14, 19))
('tkW_s', (50, 16, 33))
('naby', (5, 11, 22, 22, 38))
('nady', (7, 23, 53, 7, 7))
('nql', (5, 5, 52, 23, 11))
('nqnq', (12, 50, 25, 12))
('nqS', (25, 50, 25))
('nqf', (3, 51, 24, 20))
('nbH', (50, 50))
('nbr', (2, 3, 7, 0, 8, 30, 1, 3, 24, 18))
('nbb', (1, 1, 0, 0, 0, 45, 0, 4, 29, 14))
('n!s', (43, 30, 17, 8))
('nks', (8, 16, 41, 25, 8))
('nk_y', (52, 26, 10, 10))
('nwH', (100,))
('n`q', (7, 7, 42, 14, 28))
('nzH', (71, 28))
('ndd', (4, 9, 23, 38, 23))
('ndf', (25, 50, 25))
('ngr', (2, 13, 3, 0, 9, 23, 14, 3, 14, 13))
('ngf', (14, 14, 35, 21, 14))
('ngWd', (33, 22, 44))
('nTr', (50, 50))
('nTb', (66, 33))
('nSg', (4, 77, 8, 10))
('nS_r', (3, 58, 20, 6, 10))
('nfH', (100,))
('nfr', (16, 50, 16, 16))
('nfs', (6, 20, 40, 6, 26))
('n|saff', (50, 50))
('n|qsaqs', (31, 68))
('n|qTqT', (16, 33, 50))
('n|TlTl', (14, 14, 28, 42))
('n|Sbarq', (76, 6, 3, 13))
('!lm', (72, 27))
('!ly', (1, 1, 3, 5, 34, 23, 5, 21, 2))
('!mn', (2, 5, 6, 3, 43, 17, 1, 18))
('!ry', (9, 36, 36, 9, 9))
('!rg', (16, 16, 66))
('!sr', (1, 4, 6, 3, 40, 1, 4, 16, 20))
('!by', (3, 11, 5, 11, 21, 1, 7, 25, 11))
('!tw', (0, 5, 1, 4, 39, 27, 4, 12, 4))
('!ngd', (28, 28, 14, 14, 14))
('!kl', (5, 15, 9, 5, 20, 9, 7, 13, 13))
('!k_b', (6, 2, 2, 50, 26, 13))
('!w_j', (58, 25, 16))
('!z_z', (9, 3, 3, 56, 14, 3, 9))
('!g_d', (42, 42, 14))
('klkl', (6, 1, 5, 40, 3, 8, 16, 18))
('kry', (3, 3, 28, 3, 17, 39, 3))
('kss', (4, 4, 2, 24, 4, 2, 24, 31))
('kbr', (1, 7, 4, 7, 41, 23, 1, 13))
('kbb', (4, 4, 4, 4, 23, 47, 9))
('kt`', ())
('kt_l', (2, 4, 0, 0, 63, 14, 2, 12))
('knakn', (3, 26, 34, 3, 30))
('k!l', (1, 6, 3, 4, 36, 2, 8, 26, 9))
('kwn', (2, 6, 10, 11, 21, 3, 12, 20, 12))
('kw_l', (24, 4, 8, 32, 4, 16, 12))
('k`w', (15, 7, 38, 23, 7, 7))
('kzn', (75, 25))
('kyd', (1, 6, 2, 0, 46, 22, 5, 13))
('kdn', (2, 2, 2, 42, 30, 12, 7))
('kfl', (2, 2, 2, 6, 48, 18, 1, 15, 1))
('kft', (1, 58, 28, 7, 3))
('kWr_y', (11, 22, 55, 11))
('kWskWs', (7, 61, 7, 23))
('kWn_n', (56, 33, 10))
('kW`t', (5, 70, 11, 11))
('wany', (25, 12, 25, 25, 12))
('whb', (2, 9, 8, 9, 29, 5, 5, 12, 17))
('wlwl', (100,))
('wld', (4, 1, 1, 4, 29, 33, 1, 23))
('wl_`', (61, 23, 7, 7))
('wHs', (66, 25, 8))
('wHz', (6, 56, 25, 12))
('wHT', (5, 2, 8, 37, 25, 11, 8))
('wrr', (13, 2, 2, 22, 36, 11, 11))
('wrd', (1, 8, 4, 8, 35, 1, 3, 19, 18))
('wsd', (3, 4, 1, 3, 38, 20, 6, 16, 4))
('ws_n', (5, 5, 2, 68, 10, 2, 5))
('ws_k', (7, 5, 52, 21, 5, 7))
('wqs', (13, 3, 34, 27, 10, 10))
('wq`', (6, 37, 50, 6))
('wnCf', (33, 50, 16))
('wn_n', (46, 31, 5, 17))
('wk_l', (6, 4, 4, 4, 20, 32, 4, 20))
('w`l', (0, 1, 70, 12, 6, 8))
('w`y', (50, 50))
('wdq', (2, 10, 5, 9, 32, 26, 3, 10))
('wd_!', (2, 2, 4, 43, 24, 7, 14))
('wg!', (5, 11, 17, 17, 41, 5))
('wg_z', (25, 50, 25))
('wg_d', (59, 9, 31))
('wT_H', (16, 66, 16))
('wT_T', (20, 10, 50, 20))
('wS!', (4, 7, 2, 12, 35, 17, 4, 12, 4))
('wf_y', (9, 2, 33, 23, 11, 19))
('`ll', (6, 3, 5, 13, 18, 22, 5, 16, 8))
('`lb', (7, 30, 46, 7, 7))
('`l_m', (7, 35, 35, 21))
('`rf', (6, 6, 13, 33, 26, 6, 6))
('`r_y', (15, 15, 46, 23))
('`q_b', (53, 29, 2, 14))
('`q_n', (100,))
('`bll', (3, 3, 51, 18, 3, 18))
('`by', (1, 2, 2, 9, 23, 35, 5, 17))
('`nqS', (14, 14, 14, 14, 21, 7, 14))
('`nqf', (14, 7, 11, 37, 14, 14))
('`nw', (5, 5, 50, 33, 5))
('`ndr', (100,))
('`w_t', (5, 16, 66, 11))
('`z_b', (5, 2, 3, 57, 13, 3, 15))
('`yy', (8, 5, 11, 25, 31, 2, 11, 2))
('`d_l', (16, 1, 1, 29, 18, 3, 25, 3))
('`d_m', (3, 9, 9, 9, 28, 7, 1, 13, 16))
('`d_g', (50, 27, 4, 18))
('`gt', (5, 2, 8, 51, 10, 8, 13))
('`Tq', (35, 45, 20))
('`Sw', (2, 39, 43, 10, 4))
('`Sd', (66, 33))
('`Sf', (25, 50, 25))
('zll', (9, 17, 9, 29, 17, 2, 14))
('zHl', (42, 28, 14, 14))
('zmt', (10, 20, 20, 30, 20))
('zm_r', (50, 50))
('zrb', (1, 9, 4, 3, 32, 2, 4, 24, 15))
('zr!', (5, 5, 5, 38, 38, 5))
('zrgH', (56, 36, 6))
('zbT', (9, 9, 54, 18, 9))
('zt_y', (21, 5, 15, 10, 26, 21))
('znb', (63, 9, 27))
('zntw', (42, 42, 14))
('zng`', (4, 4, 4, 66, 4, 14))
('zk_r', (1, 6, 5, 5, 28, 16, 5, 15, 15))
('zwr', (4, 28, 52, 4, 9))
('zzw', (100,))
('dany', (57, 42))
('dhss', (55, 30, 15))
('dlw', (1, 5, 0, 4, 37, 2, 3, 28, 15))
('dly', (1, 9, 2, 4, 40, 1, 4, 22, 13))
('dHr', (100,))
('dHn', (3, 12, 10, 8, 15, 3, 10, 19, 15))
('dmss', (50, 31, 18))
('dmq', (50, 50))
('dmy', (21, 36, 26, 15))
('dmdm', (66, 33))
('dmS', (50, 42, 7))
('dm_r', (14, 71, 14))
('drz', (25, 25, 25, 25))
('drf', (3, 30, 46, 3, 16))
('dr_b', (3, 42, 34, 7, 11))
('dr_k', (3, 19, 9, 12, 22, 12, 3, 16))
('dq_s', (5, 5, 5, 42, 31, 5, 5))
('dbdb', (33, 33, 16, 16))
('db_s', (6, 6, 53, 6, 26))
('dnagr', (12, 6, 31, 25, 25))
('dnn', (14, 28, 57))
('dngS', (28, 14, 42, 14))
('dngWy', (12, 4, 4, 16, 20, 16, 28))
('dn_q', (25, 50, 25))
('dkm', (16, 3, 46, 16, 13, 3))
('dw_l', (11, 55, 22, 11))
('dy_b', (4, 4, 4, 54, 9, 4, 18))
('dgm', (7, 4, 1, 50, 30, 1, 4))
('dg_f', (8, 3, 3, 50, 3, 1, 18, 13))
('dfr', (8, 4, 4, 32, 36, 12, 4))
('df!', (7, 21, 11, 21, 27, 3, 5))
('jm_r', (2, 2, 2, 58, 28, 3, 3))
('ghd', (73, 6, 20))
('glgl', (1, 12, 5, 5, 31, 1, 33, 8))
('glS', (0, 1, 1, 1, 50, 22, 6, 16))
('gl_l', (33, 33, 33))
('gm_t', (2, 2, 4, 64, 20, 6))
('gr_h', (100,))
('gr_m', (4, 8, 22, 8, 20, 5, 5, 12, 11))
('gbr', (2, 5, 3, 0, 7, 44, 1, 4, 17, 12))
('gb_!', (3, 14, 7, 10, 24, 3, 6, 17, 12))
('gnn', (66, 16, 16))
('gnzb', (5, 9, 67, 11, 5))
('gnSl', (12, 12, 25, 50))
('g`r', (75, 25))
('g`z', (5, 47, 11, 11, 23))
('gz!', (8, 6, 5, 35, 22, 6, 15))
('gyx', (6, 13, 6, 6, 6, 40, 13, 6))
('gdf', (1, 6, 6, 2, 48, 0, 3, 18, 12))
('gd_s', (2, 12, 12, 4, 9, 26, 13, 3, 14))
('gd_d', (2, 6, 2, 9, 32, 15, 3, 15, 12))
('gTm', (2, 11, 9, 10, 25, 2, 4, 17, 18))
('gfH', (25, 50, 25))
('gff', (40, 40, 20))
('gWasy', (16, 50, 16, 16))
('gWhy', (9, 36, 18, 18, 18))
('gWlbb', (44, 44, 11))
('gWbT', (31, 59, 9))
('gWn_S', (25, 25, 25, 25))
('gW`z', (5, 37, 45, 2, 8))
('gWyy', (11, 2, 17, 35, 14, 17))
('gWdl', (5, 5, 1, 8, 44, 9, 6, 18))
('gWd!', (3, 15, 12, 15, 18, 3, 24, 9))
('Tll', (40, 40, 20))
('Tlb', (5, 2, 2, 58, 13, 13, 2))
('THl', (15, 23, 61))
('THn', (12, 87))
('Tmr', (20, 60, 20))
('Tm_t', (2, 8, 0, 6, 34, 32, 4, 11))
('Trnf', (4, 28, 47, 4, 14))
('Tr`', (33, 33, 33))
('Try', (5, 58, 19, 8, 8))
('TrTr', (2, 4, 10, 13, 36, 19, 13))
('Tqm', (1, 9, 5, 14, 25, 3, 27, 12))
('Tqs', (2, 37, 17, 11, 30))
('Tq`', (4, 4, 56, 24, 4, 8))
('Tbq', (8, 8, 16, 8, 41, 16))
('Tnqq', (5, 5, 22, 33, 11, 22))
('Tw_y', (18, 12, 37, 25, 6))
('T`m', (10, 10, 2, 8, 30, 12, 7, 18))
('T`s', (7, 21, 7, 7, 7, 7, 7, 21, 14))
('T`y', (33, 33, 33))
('Tf!', (1, 9, 6, 8, 29, 4, 9, 14, 14))
('Cnw', (12, 37, 25, 12, 12))
('Cn_q', (2, 17, 11, 8, 22, 20, 5, 11))
('Cflq', (57, 14, 28))
('Slmt', (6, 6, 18, 56, 6, 6))
('Sl!', (6, 5, 2, 7, 41, 1, 1, 22, 11))
('Slw', (11, 1, 51, 15, 3, 15))
('Sl_y', (8, 31, 22, 17, 20))
('SHf', (0, 0, 53, 0, 6, 22, 14))
('Smd', (16, 66, 16))
('Srr', (73, 13, 13))
('Sry', (12, 28, 24, 28, 8))
('Srf', (14, 11, 3, 40, 14, 3, 11))
('SqT', (13, 33, 40, 13))
('SbSb', (50, 25, 25))
('Sb_y', (0, 5, 2, 4, 43, 16, 7, 12, 6))
('SnH', (1, 12, 12, 11, 24, 1, 7, 20, 8))
('Snqq', (66, 33))
('Sn`', (8, 2, 27, 39, 2, 20))
('Swt', (8, 7, 35, 35, 7, 5))
('Sw_r', (90, 5, 5))
('Sw_`', (5, 6, 6, 34, 20, 1, 18, 6))
('S`r', (8, 16, 50, 16, 8))
('S`n', (3, 61, 26, 7))
('Sdq', (83, 11, 5))
('Sg_m', (2, 13, 1, 17, 22, 7, 6, 17, 11))
('Sg_b', (30, 38, 30))
('Sg_n', (38, 38, 23))
('Sg_`', (12, 50, 37))
('fly', (13, 3, 2, 2, 23, 28, 11, 14))
('flT', (1, 3, 2, 4, 42, 18, 2, 14, 9))
('fHr', (50, 40, 10))
('frh', (14, 4, 4, 47, 4, 9, 14))
('frH', (3, 8, 12, 8, 25, 1, 1, 26, 10))
('frs', (68, 12, 18))
('fry', (3, 4, 31, 31, 9, 20))
('frd', (1, 8, 9, 1, 43, 9, 1, 20, 3))
('fss', (5, 2, 2, 54, 22, 11))
('fxl', (8, 8, 41, 41))
('fqr', (5, 7, 7, 5, 31, 33, 1, 8))
('fqd', (7, 2, 60, 7, 12, 9))
('ftH', (1, 4, 1, 1, 50, 19, 1, 19))
('ftw', (3, 5, 9, 2, 36, 3, 3, 25, 11))
('ft_n', (6, 3, 51, 6, 3, 25, 4))
('fn_w', (1, 7, 5, 1, 33, 31, 3, 15))
('fk_r', (33, 66))
('fkWs', (14, 57, 14, 14))
('fdy', (4, 47, 19, 28))
('fTr', (5, 2, 2, 2, 44, 25, 3, 12))
('fS_m', (2, 75, 13, 1, 7))
