('lly', (2, 3, 0, 0, 1, 0, 0, 0, 0, 0))
('!n_n', (0,))
('`d_m', (3, 0, 0, 0, 0, 0, 0, 0, 3, 0))
('`d_l', (9, 0, 4, 0, 0, 1, 0, 0, 0, 0))
('sn_y', (2, 0, 0, 0, 0, 0, 0, 0, 0, 0))
('trgWm', (0, 0, 0, 0, 0, 0, 0, 0, 0, 0))
('`d_g', (0, 0, 0, 0, 0, 0, 0, 0, 0, 0))
('msgn', (7, 0, 0, 0, 0, 0, 0, 0, 0, 0))
('fHr', (4, 0, 0, 0, 0, 0, 0, 0, 0, 0))
('CbCb', (0,))
('mwt', (0, 0, 0, 0, 0, 0, 0, 0, 0, 0))
('xk_m', (5, 0, 5, 0, 0, 0, 0, 0, 0, 0))
('wk_l', (2, 2, 0, 0, 0, 0, 0, 0, 0, 0))
('hw_k', (0, 0, 0, 0, 0, 0, 0, 0, 2, 0))
('nwH', (0,))
('zmt', (0, 0, 3, 0, 0, 0, 0, 0, 0, 0))
('wS!', (0, 0, 0, 0, 0, 0, 0, 0, 0, 0))
('Hqq', (0,))
('tr_t', (0,))
('ngWd', (0,))
('HrHr', (0,))
('jl_b', (0,))
('wsd', (2, 3, 1, 0, 0, 0, 0, 0, 0, 0))
('ngWS', (0,))
('sr_t', (0, 0, 3, 3, 0, 0, 0, 0, 0, 0))
('wg_d', (0, 0, 0, 0, 0, 0, 0, 0, 0, 0))
('trf', (3, 0, 3, 3, 0, 0, 3, 0, 0, 0))
('gWlbb', (7, 3, 0, 0, 0, 0, 0, 0, 0, 0))
('wg_z', (0, 0, 0, 0, 0, 0, 0, 0, 0, 0))
('!by', (0,))
('`mbb', (0,))
('Hx_x', (0,))
('mSy', (6, 0, 0, 0, 0, 3, 0, 0, 0, 0))
('nbr', (3, 0, 2, 2, 0, 0, 1, 0, 0, 0))
('bakn', (0,))
('xt_t', (0,))
('`l_m', (12, 0, 0, 0, 0, 0, 0, 0, 0, 0))
('nbb', (1, 1, 0, 0, 0, 0, 0, 0, 0, 0))
('Smd', (0, 4, 0, 0, 0, 0, 0, 0, 0, 0))
('kw_l', (6, 0, 1, 0, 0, 4, 1, 0, 1, 0))
('wr_b', (0,))
('Sw_r', (0, 0, 0, 0, 0, 0, 0, 0, 0, 0))
('nbH', (0,))
('zrb', (2, 1, 0, 0, 0, 0, 0, 0, 0, 0))
('Sw_`', (0, 2, 0, 0, 0, 0, 0, 0, 1, 0))
('hd_d', (0,))
('lw_T', (0, 1, 1, 1, 0, 0, 1, 0, 0, 0))
('`r_y', (0, 2, 0, 0, 0, 0, 0, 0, 0, 0))
('lq_H', (10, 0, 3, 0, 0, 0, 0, 0, 0, 0))
('glS', (1, 2, 0, 0, 0, 0, 0, 0, 0, 0))
('kzn', (0, 0, 0, 0, 0, 0, 0, 0, 0, 0))
('mS!', (0, 0, 0, 0, 0, 0, 0, 0, 0, 0))
('TrTr', (0, 5, 0, 0, 0, 0, 0, 0, 0, 0))
('drz', (0,))
('kss', (0, 0, 0, 0, 0, 0, 0, 0, 0, 0))
('nqnq', (0, 0, 0, 0, 0, 0, 0, 0, 0, 0))
('tnfs', (0,))
('wdq', (0,))
('jrbb', (0,))
('zr!', (6, 0, 0, 0, 0, 0, 0, 0, 0, 0))
('Tlf', (0,))
('sgr', (8, 2, 0, 0, 0, 0, 0, 0, 0, 0))
('brr', (0,))
('mn_y', (9, 5, 0, 0, 0, 0, 0, 0, 0, 0))
('gnSl', (0,))
('Cflq', (0,))
('brh', (0,))
('Hg_z', (2, 2, 0, 0, 0, 2, 0, 0, 0, 0))
('ntgW', (0,))
('tnby', (5, 0, 0, 0, 0, 0, 0, 0, 0, 0))
('lwy', (0,))
('wl_`', (0, 0, 0, 0, 0, 0, 0, 0, 0, 0))
('Hs_w', (0,))
('dnn', (0,))
('`Tq', (8, 2, 0, 0, 0, 0, 0, 0, 0, 0))
('msl', (1, 3, 1, 1, 1, 0, 0, 0, 0, 0))
('nkWl', (0,))
('nSnS', (0,))
('`w_t', (0, 1, 0, 0, 0, 0, 0, 0, 0, 0))
('Hw_s', (19, 0, 6, 0, 0, 1, 1, 0, 0, 0))
('qdd', (0, 0, 0, 0, 0, 0, 0, 0, 0, 0))
('Tw_y', (0, 0, 0, 0, 0, 0, 0, 0, 0, 0))
('Hmxx', (10, 0, 0, 0, 0, 0, 0, 0, 0, 0))
('Hw_y', (0, 0, 0, 0, 0, 0, 0, 0, 0, 0))
('flT', (4, 2, 0, 0, 2, 1, 0, 0, 0, 0))
('nks', (0, 0, 4, 0, 0, 0, 0, 0, 0, 0))
('lHs', (0, 9, 0, 0, 0, 0, 0, 0, 0, 0))
('rk!', (0,))
('Sb_y', (13, 4, 3, 1, 2, 0, 1, 0, 1, 0))
('fly', (4, 6, 1, 0, 1, 2, 0, 0, 0, 0))
('gnzb', (20, 1, 1, 0, 0, 0, 0, 0, 0, 0))
('`by', (0, 0, 0, 0, 0, 0, 0, 0, 0, 0))
('Tf!', (0,))
('qdH', (0,))
('lT_f', (10, 0, 0, 0, 0, 0, 0, 0, 0, 0))
('Hlm', (0, 0, 0, 0, 0, 0, 0, 0, 0, 0))
('Tm_t', (2, 4, 0, 2, 0, 0, 0, 0, 0, 0))
('nqWH', (0,))
('Hlf', (6, 0, 0, 0, 0, 0, 0, 0, 0, 0))
('Hk_m', (0, 0, 0, 0, 0, 0, 0, 0, 0, 0))
('hnTy', (2, 2, 0, 0, 0, 0, 0, 0, 0, 0))
('!sr', (1, 0, 1, 0, 0, 0, 0, 0, 0, 0))
('lmS', (0,))
('lg_b', (0,))
('b`T', (0,))
('kyd', (0, 0, 0, 3, 3, 0, 0, 0, 0, 0))
('wn_n', (0, 5, 2, 0, 0, 0, 0, 0, 0, 0))
('SfH', (0,))
('wany', (0,))
('!ngd', (0, 0, 0, 0, 0, 0, 0, 0, 0, 0))
('bkWr', (0,))
('kt_l', (17, 2, 3, 0, 0, 0, 0, 0, 0, 0))
('HC_C', (0,))
('wd_!', (1, 2, 0, 1, 1, 0, 0, 0, 0, 0))
('zm_r', (0, 4, 0, 0, 0, 0, 0, 0, 0, 0))
('!ly', (0, 3, 0, 0, 0, 0, 0, 0, 0, 0))
('!ry', (0,))
('b`l', (0, 0, 0, 0, 0, 0, 0, 0, 0, 0))
('jm_r', (2, 1, 0, 1, 0, 0, 0, 0, 0, 0))
('zk_r', (0, 2, 0, 3, 4, 1, 2, 0, 3, 0))
('ghS', (0,))
('mr`w', (5, 4, 0, 1, 0, 0, 0, 0, 0, 0))
('gz!', (0, 1, 1, 0, 1, 0, 0, 0, 0, 0))
('TT_`', (0,))
('bky', (10, 0, 0, 10, 0, 0, 0, 0, 0, 0))
('w`l', (7, 0, 0, 1, 0, 0, 0, 0, 0, 0))
('znb', (0,))
('xql', (0,))
('wt_f', (0, 0, 9, 0, 0, 9, 9, 0, 0, 0))
('ghd', (0, 0, 0, 0, 0, 0, 0, 0, 0, 0))
('w`y', (0,))
('tall', (0, 3, 0, 0, 0, 0, 0, 0, 0, 0))
('wf_y', (0, 0, 0, 0, 0, 0, 0, 0, 0, 0))
('dnagr', (2, 0, 2, 0, 2, 0, 0, 0, 0, 0))
('Hry', (0, 2, 0, 0, 0, 0, 0, 0, 0, 0))
('Slmt', (0,))
('l!k', (0, 0, 0, 0, 0, 0, 0, 0, 0, 0))
('kbb', (0, 0, 0, 0, 0, 0, 0, 0, 0, 0))
('rTrT', (0,))
('zt_y', (0, 0, 0, 0, 0, 0, 0, 0, 0, 0))
('Hrr', (0,))
('TbH', (0,))
('mrkWs', (1, 3, 0, 0, 0, 0, 0, 0, 0, 0))
('kbr', (0, 0, 0, 0, 0, 0, 0, 0, 0, 0))
('Hrd', (0, 7, 0, 0, 0, 0, 0, 0, 0, 0))
('wrd', (4, 0, 0, 4, 0, 4, 0, 0, 0, 0))
('gWd!', (0, 7, 0, 0, 0, 0, 0, 0, 2, 0))
('!tw', (0, 0, 0, 0, 0, 0, 0, 0, 0, 0))
('Tbq', (0,))
('nTr', (0,))
('`q_n', (0, 0, 0, 0, 0, 0, 0, 0, 0, 0))
('wrr', (4, 0, 0, 4, 0, 0, 0, 0, 0, 0))
('kx_n', (0,))
('ws_k', (21, 1, 4, 3, 0, 0, 0, 0, 0, 0))
('bkW`', (0,))
('nTb', (0,))
('ws_n', (1, 1, 0, 1, 0, 0, 0, 0, 0, 0))
('qWlb', (0,))
('nfH', (0, 0, 0, 0, 0, 0, 0, 0, 0, 0))
('bt_n', (0, 0, 0, 0, 0, 0, 0, 0, 0, 0))
('nady', (0, 0, 0, 0, 0, 0, 0, 0, 0, 0))
('fHfH', (0,))
('lzb', (0,))
('Sl_y', (0, 0, 0, 0, 0, 0, 0, 0, 0, 0))
('qhm', (0,))
('gWdl', (0,))
('nfs', (0,))
('xf_n', (3, 0, 0, 0, 1, 0, 0, 0, 0, 0))
('zwr', (0, 6, 0, 0, 0, 0, 0, 0, 0, 0))
('Hmbs', (0,))
('nS_r', (0, 0, 0, 3, 0, 0, 0, 0, 0, 0))
('mxmx', (0,))
('k!l', (4, 0, 1, 2, 1, 0, 1, 0, 0, 0))
('ftH', (0, 1, 0, 0, 0, 0, 0, 0, 0, 0))
('gff', (0, 4, 0, 0, 0, 0, 0, 0, 0, 0))
('kWms`', (0,))
('lm_n', (0, 18, 0, 0, 0, 0, 0, 0, 0, 0))
('ftw', (4, 2, 2, 0, 4, 0, 0, 0, 0, 0))
('wT_H', (16, 0, 0, 0, 0, 0, 0, 0, 0, 0))
('smr', (0, 0, 0, 4, 0, 0, 0, 0, 0, 0))
('zntw', (0, 0, 0, 0, 0, 0, 0, 0, 0, 0))
('gfH', (0,))
('wT_T', (0,))
('bl`', (0, 0, 0, 0, 0, 0, 0, 0, 0, 0))
('sm`', (2, 4, 1, 0, 6, 3, 1, 0, 0, 0))
('sbr', (1, 1, 1, 1, 0, 0, 0, 0, 0, 0))
('mmy', (0,))
('gTm', (0, 0, 6, 0, 0, 0, 0, 0, 0, 0))
('Tlb', (0, 3, 3, 0, 0, 0, 0, 0, 0, 0))
('lmm', (30, 0, 10, 0, 10, 0, 0, 0, 0, 0))
('sbk', (0,))
('lmd', (3, 3, 0, 0, 0, 0, 0, 0, 0, 0))
('Tll', (0,))
('wg!', (0, 0, 0, 0, 0, 0, 0, 0, 0, 0))
('Sg_n', (0, 7, 0, 0, 0, 0, 0, 0, 0, 0))
('Sg_m', (1, 1, 1, 0, 0, 0, 0, 0, 0, 0))
('Sg_b', (0, 0, 10, 0, 0, 0, 0, 0, 0, 0))
('Sg_`', (2, 0, 0, 0, 0, 0, 0, 0, 0, 0))
('sTH', (0,))
('SHf', (0, 0, 0, 0, 0, 0, 0, 0, 0, 0))
('nq_w', (0,))
('wld', (1, 1, 0, 0, 0, 0, 0, 0, 0, 0))
('kft', (1, 3, 0, 1, 0, 0, 0, 0, 0, 0))
('nk_y', (4, 2, 0, 2, 0, 0, 0, 0, 0, 0))
('wqs', (0, 6, 0, 0, 0, 0, 0, 0, 0, 0))
('mxTr', (0,))
('wnCf', (2, 2, 0, 0, 0, 0, 0, 0, 0, 0))
('kfl', (13, 1, 3, 1, 0, 0, 1, 0, 1, 0))
('Sl!', (2, 5, 0, 0, 0, 0, 2, 2, 0, 0))
('`nw', (0,))
('wq`', (0, 0, 0, 0, 0, 0, 0, 0, 0, 0))
('b!s', (0, 0, 0, 0, 1, 0, 0, 0, 0, 0))
('rHq', (0, 0, 0, 0, 0, 0, 0, 0, 0, 0))
('dgWH', (0,))
('dfr', (0, 1, 0, 1, 0, 0, 0, 0, 0, 0))
('n|qTqT', (0,))
('mr_q', (0, 2, 0, 0, 0, 0, 0, 0, 0, 0))
('laSy', (0, 0, 0, 0, 0, 0, 0, 0, 0, 0))
('qnTT', (4, 0, 0, 0, 0, 0, 0, 0, 0, 0))
('Tnqq', (0, 1, 0, 1, 0, 0, 0, 0, 0, 0))
('fTr', (1, 1, 0, 0, 0, 0, 0, 0, 0, 0))
('Hdr', (8, 0, 0, 0, 0, 0, 0, 0, 0, 0))
('s!l', (3, 1, 0, 0, 1, 0, 3, 0, 0, 0))
('Slw', (0, 6, 0, 0, 0, 0, 0, 0, 0, 0))
('Hdg', (0, 0, 0, 0, 0, 0, 0, 0, 0, 0))
('qll', (0,))
('mg_b', (10, 4, 1, 0, 0, 0, 0, 0, 0, 0))
('HkWr', (0,))
('ql`', (0, 0, 0, 0, 0, 0, 0, 0, 0, 0))
('gyx', (0,))
('stf', (0,))
('rsH', (0,))
('Hb_r', (6, 1, 6, 0, 3, 5, 0, 0, 1, 0))
('dany', (0, 0, 0, 0, 0, 0, 0, 0, 0, 0))
('qlT', (0,))
('rgWd', (0,))
('Hd_s', (0, 4, 0, 0, 0, 0, 0, 0, 0, 0))
('mWg_s', (0,))
('msrt', (1, 2, 0, 0, 0, 0, 0, 0, 1, 0))
('df!', (0, 0, 0, 0, 0, 0, 0, 0, 0, 0))
('sty', (0, 2, 0, 0, 0, 0, 0, 0, 0, 0))
('lbs', (0,))
('Tq`', (0, 2, 0, 0, 0, 0, 0, 0, 0, 0))
('bhl', (2, 0, 0, 0, 0, 0, 0, 0, 0, 0))
('lbw', (0,))
('Tqm', (1, 1, 0, 0, 0, 0, 0, 0, 0, 0))
('nqf', (0, 0, 0, 0, 0, 0, 0, 0, 0, 0))
('Tqs', (1, 2, 1, 1, 0, 0, 0, 0, 0, 0))
('nql', (0, 0, 0, 0, 0, 0, 0, 0, 0, 0))
('nqS', (0,))
('db_s', (0, 5, 0, 0, 0, 0, 0, 0, 0, 0))
('wlwl', (0,))
('Trnf', (0, 4, 0, 0, 0, 0, 0, 0, 0, 0))
('fxl', (0,))
('blaxw', (1, 0, 1, 0, 0, 0, 1, 0, 0, 0))
('sHq', (0, 0, 0, 0, 0, 0, 0, 0, 0, 0))
('ndd', (0,))
('sHt', (4, 1, 0, 1, 0, 0, 0, 0, 0, 0))
('mz_z', (8, 0, 0, 0, 0, 0, 0, 0, 0, 0))
('sfy', (0, 10, 10, 0, 0, 10, 0, 0, 0, 0))
('dbdb', (0,))
('mrS', (0, 0, 0, 0, 0, 0, 0, 0, 0, 0))
('n|saff', (0, 0, 0, 0, 0, 0, 0, 0, 0, 0))
('sHb', (0, 0, 0, 3, 0, 0, 0, 0, 0, 0))
('mrH', (1, 1, 0, 0, 0, 0, 0, 0, 0, 0))
('HgW_s', (1, 0, 0, 0, 0, 0, 0, 0, 0, 0))
('sff', (0,))
('qals', (6, 1, 1, 0, 0, 0, 0, 0, 0, 0))
('sHl', (0,))
('n|saHb', (0,))
('gWyy', (0,))
('n|qsaqs', (0, 3, 0, 0, 0, 0, 0, 0, 0, 0))
('`gt', (0, 0, 0, 0, 0, 0, 0, 0, 0, 0))
('qWTqWT', (0,))
('nx_w', (0,))
('rhS', (0,))
('ml_s', (4, 2, 0, 0, 1, 1, 0, 0, 0, 0))
('qS_l', (0,))
('sfH', (0,))
('badm', (0,))
('dn_q', (0, 0, 0, 0, 0, 0, 0, 0, 0, 0))
('HSb', (0, 0, 0, 0, 0, 0, 0, 0, 0, 0))
('tkl', (2, 2, 1, 0, 0, 0, 0, 0, 0, 0))
('tkk', (0,))
('HSr', (0, 0, 0, 0, 0, 0, 0, 0, 0, 0))
('`rf', (0,))
('n|Sbarq', (9, 0, 4, 0, 0, 0, 0, 0, 0, 0))
('HSy', (0, 0, 0, 0, 0, 0, 0, 3, 0, 0))
('mrmr', (1, 8, 0, 0, 0, 0, 0, 0, 0, 0))
('ngf', (0,))
('nzH', (0,))
('HqWf', (0, 0, 5, 0, 0, 0, 0, 0, 0, 0))
('HqWn', (7, 0, 0, 0, 0, 0, 0, 0, 0, 0))
('hrm', (0, 4, 0, 0, 0, 0, 0, 0, 0, 0))
('`yy', (0, 0, 0, 0, 0, 0, 0, 0, 0, 0))
('ngr', (7, 1, 3, 0, 0, 3, 2, 0, 0, 0))
('S`r', (0, 0, 0, 0, 0, 0, 0, 0, 0, 0))
('SmWq', (0,))
('dw_l', (10, 5, 0, 0, 0, 5, 5, 0, 0, 0))
('Hrq', (0,))
('Hnqq', (0,))
('wHT', (0, 1, 0, 0, 0, 1, 0, 0, 0, 0))
('bSH', (0, 0, 0, 0, 0, 1, 1, 0, 0, 0))
('Hrs', (4, 0, 0, 0, 0, 0, 0, 0, 0, 0))
('!rg', (0,))
('tb`', (0,))
('drgm', (0,))
('snTq', (0,))
('Snqq', (4, 0, 0, 4, 0, 0, 0, 0, 0, 0))
('rqWH', (0, 0, 0, 0, 0, 0, 0, 0, 0, 0))
('tkW_s', (2, 0, 0, 0, 0, 0, 0, 0, 0, 0))
('fqd', (0, 0, 1, 0, 0, 1, 0, 0, 0, 0))
('dq_s', (0,))
('THn', (0, 0, 0, 0, 0, 0, 0, 0, 0, 0))
('THl', (0,))
('gbr', (2, 0, 0, 0, 0, 0, 0, 0, 0, 0))
('wHs', (3, 0, 0, 0, 0, 0, 0, 0, 0, 0))
('fqr', (0, 7, 0, 0, 0, 0, 0, 0, 0, 0))
('wHz', (0,))
('Tmr', (0, 0, 0, 0, 0, 0, 0, 0, 0, 0))
('gW`z', (1, 0, 0, 0, 0, 0, 0, 0, 0, 0))
('qlql', (1, 4, 1, 0, 0, 1, 0, 0, 0, 0))
('ft_n', (4, 2, 0, 1, 0, 0, 0, 0, 0, 0))
('gWasy', (0, 10, 0, 0, 0, 0, 0, 0, 0, 0))
('bar`', (0, 0, 0, 0, 0, 0, 0, 0, 0, 0))
('zrgH', (0, 2, 0, 0, 0, 0, 0, 0, 0, 0))
('!g_d', (0, 6, 0, 0, 0, 0, 0, 0, 0, 0))
('qtl', (0, 1, 1, 0, 0, 0, 0, 0, 0, 0))
('Hsb', (1, 0, 0, 0, 0, 0, 0, 0, 0, 0))
('qS`', (0, 0, 0, 0, 0, 0, 0, 0, 0, 0))
('fann', (0,))
('Htt', (8, 2, 0, 0, 0, 0, 0, 0, 0, 0))
('dlw', (0, 0, 0, 0, 0, 0, 0, 0, 0, 0))
('dly', (1, 0, 0, 0, 0, 0, 0, 0, 0, 0))
('Srf', (0, 0, 0, 0, 0, 0, 0, 0, 0, 0))
('saqy', (0, 1, 0, 0, 0, 0, 0, 0, 0, 0))
('`q_b', (0, 0, 0, 0, 0, 0, 0, 0, 0, 0))
('qWrs', (0,))
('Srr', (0,))
('kW`t', (0, 2, 0, 0, 0, 0, 0, 0, 0, 0))
('Sry', (0,))
('qr_m', (0,))
('qr_n', (0,))
('r!y', (3, 1, 1, 1, 1, 1, 2, 0, 0, 0))
('s`s`', (0,))
('kt`', (0,))
('dmss', (0, 0, 0, 0, 0, 0, 0, 0, 0, 0))
('qWrS', (2, 5, 0, 0, 0, 0, 0, 0, 0, 0))
('m`ry', (0,))
('zbT', (0,))
('dkm', (0,))
('S`n', (0, 0, 0, 0, 0, 0, 0, 0, 0, 0))
('!mn', (2, 0, 0, 0, 0, 0, 0, 0, 0, 0))
('tmny', (14, 1, 1, 0, 0, 0, 0, 0, 0, 0))
('frH', (0, 0, 0, 0, 0, 0, 0, 0, 0, 0))
('n`q', (0, 0, 3, 0, 0, 0, 0, 0, 0, 0))
('kwn', (1, 0, 0, 1, 0, 0, 0, 0, 0, 0))
('mHSn', (4, 4, 4, 1, 3, 1, 0, 1, 3, 0))
('zng`', (0, 0, 0, 0, 0, 0, 0, 0, 0, 0))
('dg_f', (3, 1, 0, 0, 0, 0, 0, 0, 0, 0))
('slky', (0,))
('H|xkWxkW', (0,))
('ml!', (0, 0, 0, 0, 0, 0, 0, 0, 0, 0))
('s|tnfs', (0,))
('Sdq', (0,))
('frd', (5, 1, 5, 0, 0, 0, 0, 0, 0, 0))
('`ndr', (0,))
('frh', (0,))
('T|lqlq', (0,))
('mark', (2, 0, 0, 0, 0, 2, 0, 0, 0, 0))
('frs', (0,))
('m|brkk', (0, 0, 0, 0, 0, 0, 0, 0, 0, 0))
('bqWl', (0,))
('marr', (0,))
('fry', (6, 6, 0, 6, 0, 0, 0, 0, 0, 0))
('drq', (0,))
('tHz', (1, 0, 0, 0, 0, 0, 0, 0, 0, 0))
('dy_b', (0,))
('tHt', (7, 4, 2, 2, 2, 0, 0, 0, 0, 0))
('qsm', (14, 0, 0, 0, 0, 0, 0, 0, 0, 0))
('`z_b', (17, 3, 4, 0, 0, 0, 1, 0, 0, 0))
('gWhy', (0,))
('n|fTfT', (0,))
('lgs', (0, 0, 0, 0, 0, 0, 0, 0, 0, 0))
('lw_s', (0,))
('dm_r', (18, 0, 0, 0, 0, 0, 0, 0, 0, 0))
('snbt', (0,))
('mlk', (5, 0, 0, 2, 0, 8, 0, 0, 0, 0))
('mls', (4, 2, 0, 0, 0, 0, 0, 0, 0, 0))
('gr_h', (0, 0, 0, 0, 0, 0, 0, 0, 0, 0))
('snbd', (0,))
('gr_m', (1, 0, 0, 0, 0, 0, 1, 0, 0, 0))
('hdn', (0, 0, 3, 0, 0, 0, 0, 0, 0, 0))
('hdm', (0,))
('gnn', (0,))
('rbb', (0,))
('qm_T', (4, 4, 0, 0, 0, 0, 0, 0, 0, 0))
('Swt', (0, 0, 0, 0, 0, 0, 0, 0, 0, 0))
('kWskWs', (0, 0, 0, 0, 0, 0, 0, 0, 0, 0))
('qy_m', (0, 0, 4, 0, 9, 0, 4, 0, 0, 0))
('mql', (2, 0, 2, 2, 0, 0, 0, 0, 0, 0))
('SqT', (0, 0, 0, 0, 0, 0, 0, 0, 0, 0))
('kWr_y', (0,))
('qy_r', (0, 2, 0, 1, 2, 0, 0, 0, 0, 0))
('k`w', (9, 0, 0, 0, 4, 0, 9, 0, 0, 0))
('dmdm', (0, 0, 0, 0, 0, 0, 0, 0, 0, 0))
('mWlq', (0,))
('T`s', (0, 0, 0, 0, 0, 0, 0, 0, 0, 0))
('n!s', (0, 0, 0, 0, 0, 0, 0, 0, 0, 0))
('glgl', (0, 0, 0, 0, 0, 0, 0, 0, 0, 0))
('lqq', (0, 0, 0, 0, 0, 0, 0, 0, 0, 0))
('T`y', (0,))
('knakn', (7, 8, 8, 1, 0, 0, 0, 1, 0, 0))
('T`m', (9, 0, 3, 2, 2, 0, 0, 0, 0, 0))
('mHl', (0,))
('fk_r', (0,))
('dgm', (3, 0, 0, 0, 0, 0, 0, 0, 0, 0))
('naby', (0, 0, 0, 0, 0, 0, 0, 0, 0, 0))
('tnkf', (1, 0, 0, 0, 0, 0, 0, 0, 1, 0))
('mHw', (0,))
('mzn', (0, 5, 0, 0, 0, 0, 0, 0, 0, 0))
('mHr', (4, 0, 0, 0, 0, 4, 0, 0, 0, 0))
('dr_k', (3, 3, 0, 0, 0, 3, 0, 0, 0, 0))
('gd_d', (0, 2, 0, 0, 0, 0, 0, 0, 0, 0))
('Sn`', (0, 0, 0, 0, 0, 0, 0, 0, 0, 0))
('mkk', (0,))
('dr_b', (17, 0, 0, 0, 0, 0, 0, 0, 0, 0))
('HgHg', (0,))
('mHdr', (0,))
('gd_s', (0, 2, 0, 0, 0, 0, 0, 0, 0, 0))
('dngS', (0,))
('dr_r', (0, 6, 0, 0, 0, 0, 0, 0, 0, 0))
('drf', (0, 0, 0, 2, 0, 0, 0, 0, 0, 0))
('rgS', (0, 7, 0, 0, 0, 0, 0, 0, 0, 0))
('sw_r', (2, 0, 2, 0, 4, 2, 2, 0, 0, 0))
('md_b', (4, 2, 1, 0, 0, 0, 0, 0, 0, 0))
('s|tarr', (0,))
('gdf', (8, 0, 0, 2, 0, 0, 0, 0, 2, 0))
('qlTf', (0,))
('sw_`', (0,))
('gWz_y', (0,))
('qb!', (0, 0, 0, 0, 0, 0, 0, 0, 0, 0))
('hbtm', (0,))
('fS_m', (1, 0, 1, 0, 0, 0, 0, 0, 0, 0))
('sk_m', (15, 1, 0, 0, 0, 0, 0, 0, 0, 0))
('!k_b', (1, 1, 0, 0, 0, 0, 0, 0, 0, 0))
('rs_`', (0, 4, 0, 0, 0, 0, 0, 0, 0, 0))
('str', (0,))
('dql', (0,))
('rgm', (0,))
('S`dw', (0,))
('dHn', (0, 0, 0, 5, 0, 0, 0, 0, 0, 0))
('qwm', (0,))
('Cn_q', (0, 0, 0, 0, 0, 0, 0, 0, 0, 0))
('s`l', (0,))
('s`m', (0, 0, 0, 8, 0, 0, 0, 0, 0, 0))
('`nqS', (0,))
('Tr`', (0,))
('s`b', (0, 0, 0, 2, 2, 0, 0, 0, 0, 0))
('Try', (0, 0, 0, 0, 0, 0, 0, 0, 0, 0))
('Trx', (0,))
('s`r', (1, 3, 0, 0, 0, 0, 0, 0, 0, 0))
('rk_s', (0,))
('dHr', (0,))
('SbSb', (0, 0, 0, 0, 0, 0, 0, 0, 0, 0))
('gadm', (7, 0, 0, 0, 0, 0, 0, 0, 0, 0))
('brabr', (0, 0, 0, 0, 0, 0, 0, 0, 0, 0))
('zll', (0,))
('`nqf', (0, 0, 0, 0, 0, 0, 0, 0, 0, 0))
('mhz', (0, 0, 0, 0, 0, 0, 0, 0, 0, 0))
('gm_t', (0, 0, 2, 0, 0, 0, 0, 0, 0, 0))
('kWn_n', (0, 0, 0, 0, 0, 0, 0, 0, 0, 0))
('mHalf', (0,))
('mhr', (7, 1, 0, 0, 0, 0, 0, 0, 0, 0))
('qw_`', (0,))
('kdn', (13, 3, 0, 0, 0, 0, 0, 0, 0, 0))
('rkb', (7, 2, 4, 1, 0, 0, 0, 0, 0, 0))
('HT!', (0,))
('qd_m', (0, 18, 0, 0, 0, 0, 0, 0, 0, 0))
('dhss', (0, 0, 0, 0, 0, 0, 0, 0, 0, 0))
('`ll', (0, 0, 0, 6, 0, 0, 0, 0, 0, 0))
('kd`', (0,))
('faSy', (0,))
('qWsl', (0,))
('`bll', (0, 0, 0, 0, 0, 0, 0, 0, 0, 0))
('qb_l', (18, 4, 3, 0, 1, 1, 1, 0, 0, 0))
('dngWy', (0, 0, 0, 18, 0, 0, 0, 0, 0, 0))
('whb', (5, 1, 4, 1, 1, 1, 2, 0, 1, 0))
('Hkk', (0, 0, 0, 0, 0, 0, 0, 0, 0, 0))
('qWnSb', (0,))
('rd_!', (8, 2, 1, 0, 2, 1, 2, 0, 0, 0))
('nfr', (0,))
('ndH', (0,))
('qn_y', (0,))
('!w_j', (0, 0, 0, 0, 0, 0, 0, 0, 0, 0))
('zzw', (0,))
('!w_d', (0,))
('srH', (0, 0, 0, 0, 0, 0, 0, 0, 0, 0))
('mlkt', (8, 2, 4, 2, 0, 1, 2, 0, 0, 0))
('srS', (0,))
('qn`', (0,))
('rx_n', (0, 0, 0, 0, 0, 0, 0, 0, 0, 0))
('hl_w', (0,))
('gWbT', (0, 6, 0, 0, 0, 0, 0, 0, 0, 0))
('Hbr', (6, 1, 6, 0, 3, 5, 0, 0, 0, 0))
('rgf', (0,))
('bsl', (0,))
('sr`', (0, 1, 0, 0, 0, 0, 0, 0, 0, 0))
('kry', (0, 0, 0, 0, 0, 0, 0, 0, 8, 0))
('n|CbCb', (0,))
('qWSr', (1, 3, 1, 1, 0, 1, 0, 0, 0, 0))
('m`bl', (0,))
('mTT', (5, 5, 0, 0, 0, 0, 0, 0, 0, 0))
('ndf', (0, 4, 0, 0, 0, 0, 0, 0, 0, 0))
('srq', (0, 0, 9, 0, 0, 0, 0, 0, 0, 0))
('rarw', (0,))
('gW|rmrm', (0,))
('qrb', (3, 1, 0, 1, 0, 0, 0, 0, 0, 0))
('l`l', (0, 0, 0, 0, 0, 0, 0, 0, 0, 0))
('g`z', (0, 0, 0, 0, 0, 0, 0, 0, 0, 0))
('tk_!', (0, 1, 0, 0, 0, 0, 0, 0, 0, 0))
('g`r', (0,))
('lagS', (0, 0, 0, 0, 0, 0, 0, 0, 0, 0))
('n|TlTl', (0, 0, 0, 0, 0, 0, 0, 0, 0, 0))
('mskr', (3, 0, 0, 0, 0, 0, 0, 0, 0, 0))
('gl_l', (0, 0, 0, 0, 0, 0, 0, 0, 0, 0))
('zHl', (0,))
('`lb', (0,))
('xyT', (0, 1, 0, 0, 0, 0, 0, 0, 0, 0))
('klkl', (3, 0, 0, 0, 0, 0, 0, 0, 0, 0))
('qrS', (4, 0, 0, 0, 4, 0, 0, 0, 0, 0))
('mkr', (11, 0, 0, 0, 0, 0, 0, 0, 0, 0))
('tsfy', (0,))
('!z_z', (15, 1, 1, 0, 1, 0, 0, 0, 0, 0))
('gWn_S', (0,))
('hd!', (0,))
('Hb!', (0, 0, 0, 0, 0, 0, 3, 0, 0, 0))
('tns!', (0,))
('mbaS`', (0, 0, 0, 0, 0, 0, 0, 0, 0, 0))
('sdd', (0, 0, 0, 2, 0, 0, 0, 0, 0, 0))
('fn_w', (0, 0, 0, 0, 0, 0, 0, 0, 0, 0))
('dmS', (0,))
('qany', (0, 0, 0, 0, 0, 0, 0, 0, 0, 0))
('nSh', (0,))
('Cm_t', (0,))
('Htm', (0, 2, 0, 0, 0, 0, 0, 0, 0, 0))
('`Sw', (2, 5, 0, 1, 0, 0, 0, 0, 0, 0))
('nSg', (5, 0, 0, 0, 0, 0, 0, 0, 0, 0))
('dmq', (0,))
('xwm', (0,))
('brkt', (0,))
('fdy', (10, 5, 0, 0, 0, 0, 0, 0, 0, 0))
('dmy', (0,))
('`Sf', (0, 0, 0, 0, 0, 0, 0, 0, 0, 0))
('`Sd', (0, 0, 0, 0, 0, 0, 0, 0, 0, 0))
('Cnw', (0,))
('SnH', (0, 7, 0, 0, 0, 0, 0, 0, 0, 0))
('sgW_m', (0,))
('fkWs', (0,))
('hq_n', (0,))
('sl_m', (4, 0, 0, 0, 0, 0, 0, 0, 0, 0))
('gb_!', (4, 3, 1, 0, 1, 4, 3, 0, 0, 0))
('rbrb', (0,))
('myT', (0,))
('!kl', (0,))
('Cr_s', (0,))
('qyH', (0,))
('!lm', (0, 0, 0, 0, 0, 0, 0, 0, 0, 0))
('Hfs', (10, 2, 0, 0, 0, 0, 0, 0, 0, 0))
('hnS', (2, 2, 0, 0, 0, 0, 0, 0, 0, 0))
('sql', (2, 2, 0, 2, 0, 0, 0, 0, 0, 0))
('gWj_l', (0,))
('!mazn', (0,))
('qWT_b', (0, 2, 0, 0, 0, 0, 0, 0, 0, 0))
('sndw', (0, 0, 0, 0, 0, 0, 0, 0, 0, 0))
('fss', (0,))
('zwtr', (0, 0, 0, 0, 0, 0, 0, 0, 0, 0))
('masy', (0,))
