('lly', (6, 6, 0, 0, 0, 0, 0, 0, 0, 0))
('!n_n', (0,))
('`d_m', (9, 2, 5, 0, 3, 3, 3, 1, 2, 0))
('`d_l', (6, 4, 9, 1, 1, 7, 1, 0, 0, 0))
('sn_y', (7, 0, 0, 0, 0, 0, 0, 0, 0, 0))
('trgWm', (14, 2, 0, 0, 0, 0, 0, 0, 0, 0))
('`d_g', (11, 2, 4, 1, 0, 0, 0, 0, 0, 0))
('msgn', (10, 0, 0, 0, 0, 0, 10, 0, 0, 0))
('fHr', (3, 3, 3, 0, 0, 0, 0, 0, 0, 0))
('CbCb', (0, 5, 0, 0, 0, 0, 0, 0, 0, 0))
('mwt', (1, 2, 1, 0, 0, 1, 1, 0, 0, 0))
('xk_m', (0,))
('wk_l', (5, 4, 6, 1, 1, 1, 2, 0, 1, 0))
('hw_k', (5, 5, 7, 0, 0, 7, 0, 0, 2, 0))
('nwH', (0, 0, 0, 0, 0, 0, 0, 0, 0, 0))
('zmt', (4, 4, 2, 0, 0, 4, 0, 2, 0, 0))
('wS!', (6, 0, 0, 0, 0, 1, 1, 0, 0, 0))
('Hqq', (0, 0, 0, 0, 0, 0, 0, 0, 0, 0))
('tr_t', (0,))
('ngWd', (0, 0, 0, 0, 10, 15, 0, 0, 0, 0))
('HrHr', (0,))
('jl_b', (0, 0, 9, 0, 0, 0, 0, 0, 0, 0))
('wsd', (9, 4, 4, 1, 1, 1, 0, 1, 0, 0))
('ngWS', (0,))
('sr_t', (10, 0, 5, 0, 0, 0, 0, 0, 0, 0))
('wg_d', (10, 2, 5, 0, 0, 0, 0, 0, 0, 0))
('trf', (4, 3, 2, 0, 1, 2, 1, 0, 0, 0))
('gWlbb', (4, 8, 4, 0, 0, 0, 0, 0, 0, 0))
('wg_z', (10, 10, 10, 0, 0, 0, 0, 0, 0, 0))
('!by', (6, 5, 3, 1, 1, 3, 3, 0, 0, 0))
('`mbb', (0, 0, 0, 0, 0, 0, 0, 0, 0, 0))
('Hx_x', (0,))
('mSy', (3, 4, 1, 0, 2, 2, 2, 0, 0, 0))
('nbr', (7, 3, 4, 0, 2, 1, 0, 0, 0, 0))
('bakn', (0, 0, 0, 0, 0, 0, 0, 0, 0, 0))
('xt_t', (9, 3, 6, 0, 0, 0, 0, 0, 0, 0))
('`l_m', (4, 4, 6, 0, 0, 0, 0, 0, 0, 0))
('nbb', (17, 2, 0, 1, 0, 0, 2, 1, 1, 1))
('Smd', (3, 3, 7, 0, 0, 0, 0, 0, 0, 0))
('kw_l', (6, 0, 4, 0, 0, 4, 2, 0, 0, 0))
('wr_b', (0,))
('Sw_r', (0,))
('nbH', (0, 0, 0, 0, 0, 0, 0, 0, 0, 0))
('zrb', (0, 9, 6, 4, 0, 3, 3, 1, 1, 0))
('Sw_`', (10, 3, 6, 0, 2, 1, 1, 0, 1, 0))
('hd_d', (0, 0, 7, 0, 0, 0, 0, 0, 0, 0))
('lw_T', (11, 2, 6, 0, 0, 1, 1, 0, 0, 0))
('`r_y', (6, 3, 0, 0, 0, 6, 0, 0, 0, 0))
('lq_H', (19, 4, 4, 0, 0, 0, 0, 0, 0, 0))
('glS', (12, 3, 3, 1, 0, 0, 0, 0, 0, 0))
('kzn', (35, 0, 5, 0, 0, 0, 0, 0, 0, 0))
('mS!', (4, 1, 2, 0, 3, 4, 3, 0, 1, 0))
('TrTr', (16, 2, 7, 0, 0, 0, 0, 1, 0, 0))
('drz', (4, 0, 0, 0, 4, 0, 4, 0, 0, 0))
('kss', (6, 5, 9, 0, 1, 0, 0, 0, 1, 0))
('nqnq', (9, 3, 0, 0, 3, 0, 0, 0, 0, 0))
('tnfs', (0,))
('wdq', (4, 3, 2, 1, 1, 0, 1, 0, 0, 0))
('jrbb', (0,))
('zr!', (3, 1, 0, 0, 0, 0, 0, 0, 0, 0))
('Tlf', (16, 0, 0, 0, 0, 0, 0, 0, 0, 0))
('sgr', (14, 4, 3, 0, 0, 0, 0, 0, 0, 0))
('brr', (1, 10, 1, 1, 0, 0, 0, 0, 0, 0))
('mn_y', (4, 2, 7, 0, 0, 1, 1, 0, 0, 0))
('gnSl', (6, 9, 0, 0, 3, 0, 3, 0, 0, 0))
('Cflq', (19, 4, 4, 0, 0, 0, 0, 0, 0, 0))
('brh', (0, 1, 0, 0, 0, 0, 0, 0, 0, 0))
('Hg_z', (7, 4, 5, 1, 4, 4, 3, 0, 1, 0))
('ntgW', (0,))
('tnby', (0,))
('lwy', (0,))
('wl_`', (14, 3, 1, 1, 0, 0, 0, 0, 0, 0))
('Hs_w', (0, 0, 2, 0, 0, 0, 0, 0, 0, 0))
('dnn', (4, 0, 0, 0, 0, 0, 0, 0, 0, 0))
('`Tq', (4, 6, 0, 0, 0, 0, 0, 0, 0, 0))
('msl', (5, 2, 4, 1, 2, 4, 3, 0, 1, 0))
('nkWl', (0,))
('nSnS', (0,))
('`w_t', (3, 0, 7, 0, 0, 0, 0, 0, 0, 0))
('Hw_s', (0, 5, 0, 0, 1, 0, 0, 0, 0, 0))
('qdd', (4, 4, 0, 0, 4, 0, 0, 0, 0, 0))
('Tw_y', (4, 8, 0, 0, 0, 4, 0, 0, 0, 0))
('Hmxx', (18, 0, 0, 0, 0, 0, 0, 0, 0, 0))
('Hw_y', (0, 2, 5, 0, 0, 6, 0, 0, 0, 0))
('flT', (13, 4, 4, 0, 2, 0, 1, 0, 0, 0))
('nks', (10, 2, 0, 0, 5, 0, 2, 0, 0, 0))
('lHs', (6, 0, 12, 0, 0, 0, 0, 0, 0, 0))
('rk!', (0,))
('Sb_y', (12, 2, 2, 0, 0, 0, 0, 0, 0, 0))
('fly', (10, 2, 3, 0, 0, 2, 0, 0, 0, 0))
('gnzb', (0, 0, 9, 0, 0, 0, 0, 0, 0, 0))
('`by', (2, 2, 1, 0, 0, 0, 0, 0, 0, 0))
('Tf!', (2, 1, 2, 2, 1, 2, 2, 0, 1, 0))
('qdH', (12, 0, 0, 0, 0, 0, 0, 0, 0, 0))
('lT_f', (25, 0, 5, 0, 0, 0, 0, 0, 0, 0))
('Hlm', (21, 1, 0, 0, 0, 0, 0, 0, 0, 0))
('Tm_t', (10, 7, 3, 1, 3, 1, 0, 0, 0, 0))
('nqWH', (0,))
('Hlf', (11, 3, 3, 0, 0, 0, 0, 0, 0, 0))
('Hk_m', (10, 5, 0, 0, 2, 0, 2, 0, 0, 0))
('hnTy', (0,))
('!sr', (10, 1, 6, 1, 1, 0, 1, 0, 0, 0))
('lmS', (0,))
('lg_b', (14, 4, 9, 0, 0, 4, 0, 0, 0, 0))
('b`T', (0,))
('kyd', (7, 3, 1, 0, 0, 0, 0, 0, 0, 0))
('wn_n', (11, 4, 3, 1, 0, 0, 0, 0, 0, 0))
('SfH', (0,))
('wany', (0, 6, 3, 3, 3, 6, 0, 0, 0, 0))
('!ngd', (0,))
('bkWr', (5, 5, 0, 0, 0, 0, 0, 0, 0, 0))
('kt_l', (0,))
('HC_C', (0, 0, 0, 0, 0, 0, 0, 0, 0, 0))
('wd_!', (9, 2, 2, 0, 0, 0, 0, 0, 0, 0))
('zm_r', (8, 4, 0, 0, 0, 0, 0, 0, 0, 0))
('!ly', (10, 3, 6, 0, 0, 0, 0, 0, 1, 0))
('!ry', (11, 5, 0, 0, 0, 0, 0, 0, 0, 0))
('b`l', (0, 0, 3, 0, 0, 0, 0, 0, 0, 0))
('jm_r', (14, 2, 0, 0, 0, 0, 0, 0, 0, 0))
('zk_r', (11, 5, 6, 1, 1, 0, 0, 0, 0, 0))
('ghS', (0,))
('mr`w', (0,))
('gz!', (8, 2, 3, 1, 1, 1, 1, 0, 0, 0))
('TT_`', (0, 0, 0, 0, 0, 0, 0, 0, 0, 0))
('bky', (0, 5, 0, 0, 0, 0, 0, 0, 0, 0))
('w`l', (10, 1, 0, 0, 0, 0, 0, 0, 0, 0))
('znb', (11, 0, 5, 0, 0, 0, 0, 0, 0, 0))
('xql', (0,))
('wt_f', (8, 16, 0, 0, 0, 0, 0, 0, 0, 0))
('ghd', (0, 0, 0, 7, 0, 0, 0, 0, 0, 0))
('w`y', (0, 0, 4, 0, 4, 0, 0, 0, 0, 0))
('tall', (0, 0, 6, 0, 0, 0, 0, 0, 0, 0))
('wf_y', (8, 3, 2, 0, 0, 0, 0, 0, 0, 0))
('dnagr', (0,))
('Hry', (4, 7, 1, 0, 0, 1, 1, 0, 0, 0))
('Slmt', (9, 2, 2, 0, 2, 2, 7, 0, 0, 0))
('l!k', (5, 0, 2, 0, 2, 0, 1, 0, 0, 0))
('kbb', (8, 10, 2, 0, 0, 2, 2, 2, 2, 0))
('rTrT', (0,))
('zt_y', (1, 0, 0, 0, 0, 2, 0, 0, 0, 0))
('Hrr', (3, 3, 0, 0, 0, 0, 0, 0, 0, 0))
('TbH', (0,))
('mrkWs', (0,))
('kbr', (2, 1, 2, 0, 0, 2, 1, 0, 0, 0))
('Hrd', (4, 6, 6, 2, 2, 2, 0, 0, 0, 0))
('wrd', (4, 2, 4, 1, 0, 2, 2, 0, 0, 0))
('gWd!', (4, 0, 2, 0, 3, 3, 3, 0, 0, 0))
('!tw', (9, 4, 2, 0, 0, 0, 0, 0, 0, 0))
('Tbq', (3, 3, 6, 0, 0, 6, 3, 0, 3, 0))
('nTr', (6, 3, 0, 0, 0, 0, 0, 0, 0, 0))
('`q_n', (16, 0, 0, 0, 0, 0, 0, 0, 0, 0))
('wrr', (5, 8, 3, 3, 0, 5, 1, 0, 1, 0))
('kx_n', (11, 0, 0, 0, 0, 0, 0, 0, 0, 0))
('ws_k', (2, 2, 0, 0, 1, 0, 2, 0, 0, 0))
('bkW`', (0,))
('nTb', (4, 0, 4, 0, 0, 0, 0, 0, 0, 0))
('ws_n', (13, 1, 1, 0, 0, 0, 0, 0, 0, 0))
('qWlb', (0,))
('nfH', (0, 0, 0, 0, 0, 0, 0, 0, 0, 0))
('bt_n', (14, 2, 8, 0, 0, 0, 0, 0, 0, 0))
('nady', (0,))
('fHfH', (0,))
('lzb', (0,))
('Sl_y', (4, 3, 3, 3, 0, 1, 0, 0, 0, 0))
('qhm', (0, 0, 0, 0, 0, 0, 0, 0, 0, 0))
('gWdl', (10, 2, 6, 1, 1, 1, 2, 0, 0, 0))
('nfs', (4, 4, 4, 2, 2, 0, 0, 0, 0, 0))
('xf_n', (18, 4, 2, 0, 0, 0, 0, 0, 0, 0))
('zwr', (4, 4, 0, 0, 0, 0, 0, 0, 0, 0))
('Hmbs', (0, 0, 0, 0, 0, 0, 0, 0, 0, 0))
('nS_r', (3, 0, 0, 0, 0, 0, 0, 0, 0, 0))
('mxmx', (0, 0, 0, 0, 0, 0, 0, 0, 0, 0))
('k!l', (6, 3, 0, 0, 0, 0, 0, 0, 0, 0))
('ftH', (12, 2, 4, 0, 0, 0, 0, 0, 0, 0))
('gff', (9, 4, 4, 0, 0, 0, 0, 0, 0, 0))
('kWms`', (0,))
('lm_n', (10, 5, 3, 0, 0, 0, 3, 0, 0, 0))
('ftw', (12, 7, 3, 1, 2, 0, 1, 0, 1, 0))
('wT_H', (0,))
('smr', (0, 2, 0, 0, 0, 1, 0, 0, 0, 0))
('zntw', (0,))
('gfH', (0, 0, 0, 0, 0, 4, 0, 0, 0, 0))
('wT_T', (12, 3, 0, 0, 3, 0, 6, 0, 0, 0))
('bl`', (9, 3, 2, 1, 1, 1, 1, 0, 0, 0))
('sm`', (10, 2, 3, 2, 1, 1, 2, 0, 0, 0))
('sbr', (6, 3, 1, 0, 2, 0, 3, 0, 0, 0))
('mmy', (8, 0, 2, 0, 0, 0, 0, 0, 0, 0))
('gTm', (9, 3, 6, 0, 2, 2, 3, 0, 0, 0))
('Tlb', (16, 1, 3, 0, 0, 1, 0, 0, 0, 0))
('lmm', (0, 0, 0, 0, 10, 0, 0, 0, 0, 0))
('sbk', (6, 3, 0, 0, 1, 6, 0, 0, 0, 0))
('lmd', (20, 3, 0, 0, 0, 0, 0, 0, 0, 0))
('Tll', (0,))
('wg!', (5, 2, 2, 0, 2, 2, 0, 0, 0, 0))
('Sg_n', (9, 5, 0, 5, 0, 0, 0, 0, 0, 0))
('Sg_m', (6, 0, 2, 0, 2, 5, 8, 1, 0, 0))
('Sg_b', (6, 5, 5, 0, 0, 0, 0, 0, 0, 0))
('Sg_`', (6, 0, 0, 0, 0, 0, 0, 0, 0, 0))
('sTH', (0,))
('SHf', (10, 3, 3, 0, 0, 0, 0, 0, 0, 0))
('nq_w', (0, 10, 0, 0, 0, 0, 0, 0, 0, 0))
('wld', (5, 4, 5, 0, 0, 0, 1, 0, 0, 0))
('kft', (13, 2, 0, 1, 0, 0, 0, 0, 0, 0))
('nk_y', (6, 2, 1, 0, 0, 0, 0, 0, 0, 0))
('wqs', (10, 2, 3, 3, 0, 4, 1, 0, 0, 0))
('mxTr', (0,))
('wnCf', (7, 7, 0, 0, 0, 0, 0, 0, 0, 0))
('kfl', (13, 2, 4, 0, 0, 0, 0, 0, 0, 0))
('Sl!', (12, 4, 2, 0, 0, 1, 1, 1, 0, 0))
('`nw', (4, 0, 0, 0, 0, 0, 0, 0, 0, 0))
('wq`', (5, 4, 1, 0, 0, 0, 0, 0, 0, 0))
('b!s', (0, 2, 2, 0, 0, 0, 0, 0, 0, 0))
('rHq', (3, 0, 2, 1, 0, 0, 0, 0, 0, 0))
('dgWH', (0,))
('dfr', (5, 4, 0, 1, 1, 1, 0, 0, 0, 0))
('n|qTqT', (0,))
('mr_q', (9, 4, 4, 0, 0, 2, 2, 0, 4, 0))
('laSy', (0,))
('qnTT', (12, 0, 4, 0, 0, 0, 0, 0, 0, 0))
('Tnqq', (0,))
('fTr', (8, 1, 2, 0, 0, 0, 0, 0, 0, 0))
('Hdr', (4, 1, 2, 0, 0, 1, 2, 0, 0, 0))
('s!l', (6, 2, 6, 0, 0, 1, 0, 1, 0, 0))
('Slw', (16, 1, 4, 1, 0, 3, 0, 0, 0, 0))
('Hdg', (12, 4, 4, 0, 2, 1, 0, 1, 0, 0))
('qll', (2, 0, 2, 0, 2, 10, 0, 0, 2, 0))
('mg_b', (7, 2, 5, 1, 1, 3, 1, 0, 0, 0))
('HkWr', (9, 0, 0, 3, 0, 0, 0, 0, 0, 0))
('ql`', (3, 3, 0, 3, 3, 0, 1, 0, 0, 0))
('gyx', (1, 3, 0, 0, 0, 0, 0, 0, 0, 0))
('stf', (0,))
('rsH', (0,))
('Hb_r', (8, 3, 5, 0, 4, 5, 2, 1, 1, 0))
('dany', (0, 5, 0, 0, 0, 0, 0, 0, 0, 0))
('qlT', (0,))
('rgWd', (0,))
('Hd_s', (0, 0, 5, 0, 5, 5, 5, 0, 0, 0))
('mWg_s', (0,))
('msrt', (10, 5, 0, 0, 0, 0, 0, 0, 0, 0))
('df!', (3, 2, 1, 0, 2, 1, 0, 0, 0, 0))
('sty', (8, 4, 0, 0, 0, 0, 0, 0, 0, 0))
('lbs', (8, 2, 0, 0, 0, 0, 0, 0, 0, 0))
('Tq`', (0, 0, 0, 0, 0, 0, 0, 0, 0, 0))
('bhl', (8, 3, 4, 1, 3, 2, 2, 1, 1, 0))
('lbw', (0, 0, 7, 0, 0, 7, 0, 0, 0, 0))
('Tqm', (4, 1, 2, 0, 1, 4, 2, 0, 1, 0))
('nqf', (14, 3, 5, 0, 0, 0, 0, 0, 0, 0))
('Tqs', (13, 2, 10, 3, 0, 0, 0, 0, 0, 0))
('nql', (0, 3, 0, 0, 0, 0, 0, 0, 0, 0))
('nqS', (0, 0, 0, 0, 0, 0, 0, 0, 0, 0))
('db_s', (20, 5, 2, 0, 2, 0, 0, 0, 2, 0))
('wlwl', (14, 0, 0, 0, 0, 0, 0, 0, 0, 0))
('Trnf', (9, 4, 4, 0, 0, 1, 0, 0, 0, 0))
('fxl', (1, 0, 5, 0, 0, 0, 0, 0, 1, 0))
('blaxw', (0,))
('sHq', (3, 0, 2, 0, 2, 0, 1, 0, 0, 0))
('ndd', (2, 4, 0, 0, 2, 2, 0, 0, 0, 0))
('sHt', (19, 1, 0, 0, 0, 0, 1, 0, 0, 0))
('mz_z', (15, 2, 2, 0, 0, 0, 0, 0, 0, 0))
('sfy', (3, 3, 0, 0, 0, 6, 0, 0, 0, 0))
('dbdb', (7, 0, 3, 0, 0, 0, 0, 0, 0, 0))
('mrS', (11, 2, 3, 0, 0, 0, 0, 0, 0, 0))
('n|saff', (0,))
('sHb', (5, 2, 2, 0, 1, 0, 2, 0, 0, 0))
('mrH', (7, 3, 2, 0, 2, 3, 2, 0, 0, 0))
('HgW_s', (0, 0, 5, 0, 0, 7, 5, 2, 5, 0))
('sff', (0, 13, 0, 0, 0, 13, 0, 0, 0, 0))
('qals', (0, 0, 7, 2, 0, 5, 0, 0, 0, 0))
('sHl', (0, 0, 11, 0, 0, 5, 5, 0, 0, 0))
('n|saHb', (0,))
('gWyy', (1, 3, 0, 0, 0, 0, 0, 0, 0, 0))
('n|qsaqs', (0,))
('`gt', (15, 2, 4, 2, 0, 2, 1, 0, 0, 0))
('qWTqWT', (0,))
('nx_w', (0,))
('rhS', (1, 1, 7, 0, 1, 0, 0, 0, 0, 0))
('ml_s', (7, 2, 2, 1, 1, 0, 0, 0, 0, 0))
('qS_l', (15, 3, 0, 0, 0, 0, 0, 0, 0, 0))
('sfH', (0, 1, 0, 6, 0, 0, 0, 0, 0, 0))
('badm', (0, 0, 0, 4, 0, 0, 0, 0, 0, 0))
('dn_q', (0,))
('HSb', (7, 3, 1, 1, 1, 1, 1, 0, 0, 0))
('tkl', (10, 2, 1, 0, 0, 0, 0, 0, 0, 0))
('tkk', (10, 7, 0, 0, 0, 0, 0, 0, 0, 0))
('HSr', (12, 3, 3, 1, 3, 1, 1, 0, 0, 0))
('`rf', (0, 0, 0, 1, 0, 0, 0, 0, 1, 0))
('n|Sbarq', (0,))
('HSy', (7, 7, 10, 0, 0, 0, 0, 0, 0, 0))
('mrmr', (12, 2, 0, 0, 0, 0, 1, 0, 0, 0))
('ngf', (0,))
('nzH', (13, 0, 0, 0, 0, 0, 0, 0, 0, 0))
('HqWf', (9, 3, 3, 1, 2, 0, 1, 0, 0, 0))
('HqWn', (5, 5, 0, 0, 0, 0, 0, 0, 0, 0))
('hrm', (11, 4, 2, 0, 3, 1, 2, 0, 0, 0))
('`yy', (4, 2, 2, 0, 0, 0, 1, 0, 1, 0))
('ngr', (7, 3, 4, 1, 5, 4, 3, 0, 1, 0))
('S`r', (0, 1, 0, 0, 0, 0, 0, 0, 0, 0))
('SmWq', (0,))
('dw_l', (1, 0, 0, 0, 0, 0, 0, 0, 0, 0))
('Hrq', (0, 4, 0, 0, 0, 0, 0, 0, 0, 0))
('Hnqq', (0,))
('wHT', (9, 4, 1, 0, 0, 0, 2, 0, 0, 0))
('bSH', (9, 2, 3, 1, 0, 2, 1, 0, 0, 0))
('Hrs', (7, 4, 0, 0, 0, 0, 0, 0, 0, 0))
('!rg', (0, 2, 0, 0, 0, 0, 0, 0, 0, 0))
('tb`', (0, 0, 0, 0, 0, 0, 0, 0, 0, 0))
('drgm', (0,))
('snTq', (9, 4, 0, 0, 0, 0, 0, 0, 0, 0))
('Snqq', (5, 0, 0, 0, 0, 0, 0, 0, 0, 0))
('rqWH', (2, 2, 8, 0, 0, 0, 0, 0, 2, 0))
('tkW_s', (2, 1, 2, 0, 0, 0, 0, 0, 0, 0))
('fqd', (8, 0, 0, 1, 0, 0, 0, 0, 0, 0))
('dq_s', (2, 0, 0, 0, 0, 0, 0, 0, 0, 0))
('THn', (3, 9, 0, 0, 0, 0, 0, 0, 0, 0))
('THl', (3, 1, 0, 0, 0, 0, 1, 0, 0, 0))
('gbr', (10, 3, 2, 1, 0, 1, 1, 0, 0, 0))
('wHs', (0, 0, 0, 0, 0, 0, 0, 0, 0, 0))
('fqr', (0,))
('wHz', (8, 1, 0, 1, 0, 1, 0, 0, 0, 0))
('Tmr', (10, 0, 0, 3, 0, 3, 0, 0, 0, 0))
('gW`z', (8, 0, 4, 0, 0, 0, 0, 0, 0, 0))
('qlql', (0,))
('ft_n', (8, 3, 0, 0, 0, 0, 0, 0, 0, 0))
('gWasy', (3, 3, 3, 3, 0, 0, 0, 0, 0, 0))
('bar`', (0,))
('zrgH', (13, 3, 0, 0, 0, 0, 0, 0, 0, 0))
('!g_d', (6, 0, 0, 3, 0, 0, 0, 0, 0, 0))
('qtl', (8, 4, 6, 1, 3, 0, 1, 0, 0, 0))
('Hsb', (17, 2, 0, 1, 0, 0, 0, 0, 0, 0))
('qS`', (8, 3, 8, 0, 0, 0, 1, 0, 0, 0))
('fann', (0,))
('Htt', (8, 6, 4, 1, 2, 2, 2, 0, 0, 0))
('dlw', (12, 9, 2, 1, 0, 2, 2, 0, 0, 0))
('dly', (12, 3, 2, 0, 0, 1, 0, 0, 0, 0))
('Srf', (14, 4, 1, 1, 4, 4, 0, 0, 0, 0))
('saqy', (2, 0, 0, 0, 2, 0, 0, 0, 0, 0))
('`q_b', (12, 5, 3, 0, 0, 0, 0, 0, 0, 0))
('qWrs', (0,))
('Srr', (15, 0, 0, 0, 0, 0, 0, 0, 0, 0))
('kW`t', (2, 8, 4, 2, 0, 0, 0, 0, 0, 0))
('Sry', (4, 2, 0, 0, 0, 0, 0, 0, 0, 0))
('qr_m', (0,))
('qr_n', (0,))
('r!y', (10, 4, 4, 0, 1, 0, 0, 0, 0, 0))
('s`s`', (2, 2, 0, 0, 0, 0, 0, 0, 0, 0))
('kt`', (0,))
('dmss', (12, 5, 3, 0, 0, 0, 0, 0, 0, 0))
('qWrS', (3, 5, 2, 0, 0, 0, 0, 0, 0, 0))
('m`ry', (5, 0, 10, 0, 0, 0, 0, 0, 0, 0))
('zbT', (9, 6, 3, 0, 0, 0, 3, 3, 0, 0))
('dkm', (2, 2, 0, 1, 0, 0, 0, 0, 0, 0))
('S`n', (13, 6, 2, 0, 0, 0, 0, 0, 0, 0))
('!mn', (8, 1, 3, 0, 1, 0, 1, 0, 0, 0))
('tmny', (0,))
('frH', (7, 4, 0, 0, 0, 0, 0, 0, 0, 0))
('n`q', (10, 2, 7, 0, 2, 0, 0, 0, 0, 0))
('kwn', (3, 1, 2, 1, 1, 2, 1, 0, 0, 0))
('mHSn', (0,))
('zng`', (15, 1, 0, 0, 0, 0, 0, 0, 0, 0))
('dg_f', (14, 2, 3, 0, 1, 1, 2, 0, 1, 0))
('slky', (6, 0, 6, 0, 0, 0, 0, 0, 0, 0))
('H|xkWxkW', (0,))
('ml!', (10, 1, 2, 0, 0, 0, 0, 0, 0, 0))
('s|tnfs', (0,))
('Sdq', (0, 0, 0, 0, 0, 0, 0, 0, 0, 0))
('frd', (7, 2, 4, 0, 1, 2, 0, 0, 3, 0))
('`ndr', (0, 2, 0, 0, 0, 0, 0, 0, 0, 0))
('frh', (9, 1, 1, 0, 0, 1, 0, 0, 0, 0))
('T|lqlq', (0,))
('mark', (6, 4, 2, 0, 2, 2, 0, 0, 0, 0))
('frs', (3, 0, 5, 0, 0, 0, 0, 0, 0, 0))
('m|brkk', (0,))
('bqWl', (7, 7, 0, 0, 0, 0, 0, 0, 0, 0))
('marr', (0,))
('fry', (0, 1, 1, 0, 0, 0, 0, 0, 0, 0))
('drq', (0, 0, 0, 0, 0, 0, 0, 0, 0, 0))
('tHz', (12, 5, 4, 1, 2, 1, 1, 0, 0, 0))
('dy_b', (6, 0, 2, 1, 1, 1, 0, 0, 0, 0))
('tHt', (7, 4, 1, 1, 3, 3, 1, 1, 0, 0))
('qsm', (17, 0, 0, 0, 0, 0, 0, 0, 0, 0))
('`z_b', (0,))
('gWhy', (0, 0, 1, 0, 0, 0, 0, 0, 0, 0))
('n|fTfT', (0,))
('lgs', (2, 0, 0, 0, 0, 2, 0, 0, 0, 0))
('lw_s', (0,))
('dm_r', (16, 0, 0, 0, 0, 0, 0, 0, 0, 0))
('snbt', (0,))
('mlk', (15, 7, 5, 0, 1, 0, 0, 0, 1, 0))
('mls', (8, 2, 2, 0, 2, 2, 0, 0, 0, 0))
('gr_h', (0,))
('snbd', (2, 2, 0, 0, 0, 0, 0, 0, 0, 0))
('gr_m', (6, 2, 3, 2, 9, 2, 3, 1, 3, 0))
('hdn', (9, 1, 10, 3, 1, 0, 0, 0, 0, 0))
('hdm', (2, 2, 1, 0, 0, 0, 0, 0, 0, 0))
('gnn', (0, 7, 0, 0, 0, 0, 0, 0, 0, 0))
('rbb', (0,))
('qm_T', (0,))
('Swt', (0, 12, 0, 6, 0, 6, 0, 0, 0, 0))
('kWskWs', (13, 1, 5, 0, 1, 0, 0, 0, 0, 0))
('qy_m', (0,))
('mql', (8, 0, 8, 2, 0, 0, 0, 0, 0, 0))
('SqT', (8, 8, 3, 0, 0, 0, 3, 0, 0, 0))
('kWr_y', (2, 7, 2, 0, 0, 2, 0, 0, 0, 0))
('qy_r', (14, 4, 3, 0, 0, 0, 0, 0, 0, 0))
('k`w', (11, 11, 0, 0, 0, 0, 0, 0, 0, 0))
('dmdm', (11, 2, 0, 0, 0, 0, 0, 0, 0, 0))
('mWlq', (5, 5, 5, 0, 0, 0, 0, 5, 0, 0))
('T`s', (0,))
('n!s', (5, 2, 2, 2, 0, 0, 0, 0, 0, 0))
('glgl', (0,))
('lqq', (5, 5, 5, 0, 0, 0, 0, 0, 0, 0))
('T`y', (0, 0, 0, 0, 0, 0, 0, 0, 0, 0))
('knakn', (0,))
('T`m', (7, 1, 4, 1, 2, 2, 2, 0, 0, 0))
('mHl', (0, 0, 0, 0, 0, 0, 0, 0, 0, 0))
('fk_r', (4, 0, 0, 0, 0, 0, 0, 0, 0, 0))
('dgm', (15, 3, 0, 0, 1, 1, 0, 0, 0, 0))
('naby', (1, 1, 4, 1, 0, 0, 0, 0, 0, 0))
('tnkf', (10, 1, 3, 0, 1, 2, 1, 0, 0, 0))
('mHw', (6, 13, 0, 0, 0, 0, 0, 0, 0, 0))
('mzn', (12, 6, 2, 0, 0, 0, 0, 0, 0, 0))
('mHr', (5, 0, 1, 0, 4, 5, 1, 0, 0, 0))
('dr_k', (6, 1, 6, 1, 4, 6, 5, 1, 0, 0))
('gd_d', (7, 0, 3, 0, 9, 3, 3, 1, 1, 0))
('Sn`', (0, 0, 0, 0, 0, 0, 0, 0, 0, 0))
('mkk', (0, 5, 0, 0, 0, 0, 0, 0, 0, 0))
('dr_b', (10, 3, 3, 1, 1, 0, 0, 0, 0, 0))
('HgHg', (0,))
('mHdr', (0,))
('gd_s', (9, 0, 6, 2, 3, 2, 2, 1, 2, 0))
('dngS', (0, 0, 0, 0, 0, 0, 0, 0, 0, 0))
('dr_r', (0,))
('drf', (7, 7, 3, 0, 0, 0, 0, 0, 0, 0))
('rgS', (14, 5, 1, 0, 1, 1, 1, 0, 0, 0))
('sw_r', (3, 12, 12, 0, 0, 12, 0, 0, 0, 0))
('md_b', (15, 2, 3, 0, 0, 0, 0, 0, 0, 0))
('s|tarr', (0,))
('gdf', (13, 3, 3, 0, 2, 1, 0, 0, 0, 0))
('qlTf', (0, 0, 2, 0, 0, 0, 2, 0, 0, 0))
('sw_`', (0,))
('gWz_y', (0,))
('qb!', (5, 5, 0, 0, 0, 0, 0, 0, 0, 0))
('hbtm', (0, 2, 0, 0, 0, 0, 0, 0, 0, 0))
('fS_m', (18, 1, 1, 0, 0, 0, 0, 0, 0, 0))
('sk_m', (0,))
('!k_b', (16, 1, 3, 0, 0, 1, 0, 0, 0, 0))
('rs_`', (16, 5, 3, 0, 1, 1, 0, 0, 0, 0))
('str', (4, 0, 0, 0, 4, 4, 0, 0, 0, 0))
('dql', (0,))
('rgm', (6, 0, 6, 0, 0, 6, 6, 0, 0, 0))
('S`dw', (0,))
('dHn', (0, 0, 0, 0, 0, 0, 0, 0, 0, 0))
('qwm', (0, 4, 0, 1, 0, 2, 0, 0, 0, 0))
('Cn_q', (19, 0, 11, 3, 3, 3, 3, 0, 0, 0))
('s`l', (0,))
('s`m', (7, 5, 4, 1, 5, 0, 1, 0, 0, 0))
('`nqS', (4, 0, 4, 2, 4, 4, 4, 0, 0, 0))
('Tr`', (3, 0, 0, 0, 3, 0, 0, 0, 0, 0))
('s`b', (10, 3, 5, 1, 1, 0, 1, 0, 0, 0))
('Try', (0,))
('Trx', (0,))
('s`r', (8, 6, 4, 1, 2, 2, 0, 0, 0, 0))
('rk_s', (0,))
('dHr', (0, 0, 0, 0, 0, 0, 0, 0, 0, 0))
('SbSb', (9, 2, 4, 0, 0, 0, 0, 0, 0, 0))
('gadm', (0,))
('brabr', (0,))
('zll', (8, 4, 3, 0, 0, 0, 5, 2, 2, 0))
('`nqf', (11, 3, 4, 0, 2, 3, 3, 0, 0, 0))
('mhz', (6, 1, 1, 0, 0, 0, 0, 0, 0, 0))
('gm_t', (20, 4, 1, 0, 0, 0, 0, 0, 0, 0))
('kWn_n', (14, 4, 2, 0, 0, 0, 0, 0, 0, 0))
('mHalf', (0,))
('mhr', (5, 2, 4, 0, 2, 5, 2, 0, 1, 0))
('qw_`', (0,))
('kdn', (10, 6, 3, 0, 3, 0, 0, 1, 1, 0))
('rkb', (12, 4, 3, 1, 1, 0, 0, 0, 0, 0))
('HT!', (0, 5, 5, 0, 5, 11, 0, 0, 5, 0))
('qd_m', (6, 5, 2, 0, 2, 5, 2, 0, 0, 0))
('dhss', (13, 4, 3, 0, 0, 0, 0, 0, 0, 0))
('`ll', (0, 5, 0, 0, 0, 0, 0, 0, 0, 0))
('kd`', (0, 12, 0, 0, 6, 0, 0, 0, 0, 0))
('faSy', (0, 10, 0, 0, 0, 0, 0, 0, 0, 0))
('qWsl', (0, 0, 0, 0, 0, 0, 0, 0, 0, 0))
('`bll', (15, 2, 4, 1, 0, 1, 1, 0, 0, 0))
('qb_l', (0,))
('dngWy', (0, 0, 5, 1, 0, 4, 1, 0, 1, 0))
('whb', (9, 3, 4, 1, 3, 3, 3, 1, 1, 0))
('Hkk', (5, 2, 0, 2, 2, 0, 8, 0, 0, 0))
('qWnSb', (0,))
('rd_!', (14, 2, 2, 1, 2, 3, 2, 0, 0, 0))
('nfr', (4, 0, 0, 0, 0, 0, 0, 0, 0, 0))
('ndH', (0,))
('qn_y', (1, 6, 3, 1, 0, 2, 0, 0, 0, 0))
('!w_j', (8, 0, 2, 0, 0, 0, 0, 0, 0, 0))
('zzw', (9, 0, 0, 0, 0, 0, 0, 0, 0, 0))
('!w_d', (0, 0, 5, 5, 5, 0, 0, 0, 0, 0))
('srH', (7, 1, 2, 1, 0, 0, 0, 0, 0, 0))
('mlkt', (4, 4, 4, 0, 0, 0, 0, 0, 0, 0))
('srS', (6, 0, 0, 0, 0, 0, 6, 0, 0, 0))
('qn`', (4, 0, 2, 4, 0, 0, 0, 0, 0, 0))
('rx_n', (11, 1, 11, 0, 3, 0, 0, 0, 0, 0))
('hl_w', (7, 3, 4, 1, 1, 3, 3, 0, 1, 0))
('gWbT', (10, 11, 2, 0, 0, 0, 0, 0, 0, 0))
('Hbr', (9, 6, 5, 0, 5, 3, 1, 1, 0, 0))
('rgf', (0, 0, 0, 0, 0, 0, 0, 0, 0, 0))
('bsl', (0, 0, 0, 0, 0, 2, 0, 0, 0, 0))
('sr`', (9, 6, 1, 0, 0, 0, 0, 0, 0, 0))
('kry', (3, 7, 0, 14, 0, 3, 0, 0, 0, 0))
('n|CbCb', (0,))
('qWSr', (13, 5, 5, 0, 2, 1, 0, 0, 0, 0))
('m`bl', (0, 3, 0, 0, 0, 0, 0, 0, 0, 0))
('mTT', (14, 0, 0, 7, 0, 0, 0, 0, 0, 0))
('ndf', (4, 4, 4, 0, 0, 0, 0, 0, 0, 0))
('srq', (9, 2, 0, 0, 1, 1, 2, 0, 0, 0))
('rarw', (0,))
('gW|rmrm', (0,))
('qrb', (5, 2, 5, 0, 1, 0, 2, 0, 0, 0))
('l`l', (2, 1, 1, 0, 0, 0, 0, 0, 0, 0))
('g`z', (0, 2, 2, 0, 2, 0, 0, 0, 0, 0))
('tk_!', (7, 2, 3, 2, 0, 0, 0, 0, 0, 0))
('g`r', (2, 0, 0, 0, 0, 0, 0, 0, 0, 0))
('lagS', (0,))
('n|TlTl', (0,))
('mskr', (16, 0, 0, 0, 0, 0, 0, 0, 0, 0))
('gl_l', (0, 0, 0, 0, 0, 6, 0, 0, 0, 0))
('zHl', (0, 0, 0, 0, 0, 0, 7, 0, 0, 0))
('`lb', (5, 5, 1, 0, 0, 0, 0, 0, 0, 0))
('xyT', (10, 3, 3, 2, 0, 0, 0, 0, 0, 0))
('klkl', (10, 3, 6, 3, 1, 2, 3, 0, 0, 0))
('qrS', (17, 2, 5, 0, 0, 0, 0, 0, 0, 0))
('mkr', (7, 4, 4, 1, 4, 1, 3, 0, 0, 0))
('tsfy', (0, 19, 11, 7, 0, 0, 0, 0, 0, 0))
('!z_z', (12, 3, 3, 1, 0, 1, 3, 0, 0, 0))
('gWn_S', (8, 8, 0, 0, 0, 0, 0, 0, 0, 0))
('hd!', (0, 0, 0, 6, 0, 0, 0, 0, 0, 0))
('Hb!', (14, 0, 0, 0, 0, 0, 0, 0, 0, 0))
('tns!', (1, 1, 0, 0, 0, 0, 0, 0, 0, 0))
('mbaS`', (0,))
('sdd', (10, 3, 3, 0, 2, 0, 1, 0, 0, 0))
('fn_w', (8, 4, 4, 1, 0, 0, 1, 0, 0, 0))
('dmS', (0,))
('qany', (4, 8, 12, 4, 0, 0, 0, 0, 0, 0))
('nSh', (0, 0, 0, 0, 0, 0, 0, 0, 0, 0))
('Cm_t', (0,))
('Htm', (3, 0, 3, 6, 0, 0, 0, 0, 0, 0))
('`Sw', (13, 8, 1, 3, 0, 0, 0, 0, 0, 0))
('nSg', (23, 2, 3, 0, 0, 0, 1, 0, 0, 0))
('dmq', (0, 0, 0, 0, 0, 0, 0, 0, 0, 0))
('xwm', (0, 6, 0, 0, 0, 0, 0, 0, 0, 0))
('brkt', (4, 0, 0, 0, 0, 0, 0, 0, 0, 0))
('fdy', (7, 1, 10, 0, 0, 0, 0, 0, 0, 0))
('dmy', (0, 2, 5, 0, 0, 2, 0, 0, 0, 0))
('`Sf', (2, 2, 0, 2, 0, 0, 0, 0, 0, 0))
('`Sd', (3, 3, 0, 0, 0, 0, 0, 0, 0, 0))
('Cnw', (3, 0, 0, 0, 7, 3, 0, 0, 0, 0))
('SnH', (5, 2, 1, 1, 2, 2, 3, 0, 0, 0))
('sgW_m', (2, 1, 0, 0, 0, 0, 0, 0, 0, 0))
('fkWs', (4, 0, 0, 0, 0, 4, 0, 0, 0, 0))
('hq_n', (2, 2, 0, 0, 0, 0, 0, 0, 0, 0))
('sl_m', (11, 8, 2, 0, 2, 2, 2, 0, 0, 0))
('gb_!', (8, 3, 5, 2, 2, 3, 2, 1, 1, 0))
('rbrb', (0, 0, 0, 0, 0, 7, 0, 0, 0, 0))
('myT', (10, 0, 0, 5, 5, 5, 0, 0, 0, 0))
('!kl', (5, 2, 3, 2, 2, 3, 1, 1, 2, 0))
('Cr_s', (0,))
('qyH', (0,))
('!lm', (27, 0, 0, 0, 0, 0, 0, 0, 0, 0))
('Hfs', (9, 1, 1, 0, 0, 0, 0, 0, 0, 0))
('hnS', (12, 8, 1, 0, 0, 0, 0, 0, 0, 0))
('sql', (7, 3, 7, 0, 0, 0, 0, 0, 1, 0))
('gWj_l', (0,))
('!mazn', (0,))
('qWT_b', (0, 5, 5, 0, 0, 0, 0, 0, 0, 0))
('sndw', (26, 0, 4, 0, 0, 0, 0, 0, 2, 0))
('fss', (6, 3, 1, 0, 1, 1, 0, 3, 0, 0))
('zwtr', (0,))
('masy', (7, 0, 0, 0, 0, 7, 0, 0, 0, 0))
