('hlq', [3, 6, 46, 13.3146953338])
('hl_y', [3, 9, 23, 11.955036849800001])
('hrf', [4, 15, 44, 12.247217601299999])
('hss', [3, 8, 41, 10.662255100599999])
('hndd', [4, 8, 25, 13.234551189499999])
('hyy', [3, 11, 9, 11.7650659062])
('hgr', [4, 10, 23, 18.512195307900001])
('hTr', [3, 8, 33, 18.196034902099999])
('lhy', [3, 6, 16, 18.9713058247])
('lms', [3, 8, 33, 9.88724536414])
('lm`', [3, 7, 50, 12.9533345546])
('lqm', [3, 6, 17, 14.743608545100001])
('lblb', [3, 8, 22, 14.8974447964])
('lbm', [4, 8, 41, 17.3598711126])
('lky', [4, 9, 27, 10.514959963200001])
('lkf', [4, 11, 46, 12.3047812555])
('lk_m', [4, 14, 11, 17.5647299042])
('lk_`', [3, 6, 43, 25.3969431101])
('lw_y', [4, 12, 51, 10.7416895681])
('lflf', [4, 10, 22, 15.438160384])
('lf`', [4, 5, 33, 18.978192838399998])
('Hll', [4, 10, 30, 11.1752518445])
('Hlq', [4, 8, 38, 12.400609236799999])
('Hlb', [4, 8, 33, 12.462414521299999])
('Hl_f', [4, 6, 18, 24.7022504149])
('Hms', [3, 7, 20, 10.1772080415])
('Hmq', [4, 10, 12, 13.1989031126])
('Hrm', [3, 12, 28, 11.3511618897])
('Hrbt', [3, 9, 23, 15.2089136127])
('Hsm', [4, 14, 18, 14.5677992705])
('Hsr', [3, 7, 41, 14.6136029601])
('Hs_y', [3, 11, 13, 17.238139865099999])
('Hxy', [3, 10, 32, 15.3192544031])
('Hqf', [3, 9, 18, 13.4689573671])
('HbHb', [4, 10, 16, 17.193842292199999])
('Hby', [4, 9, 16, 11.271730959599999])
('HbT', [4, 8, 50, 12.204616763800001])
('Hty', [4, 7, 28, 13.011971685800001])
('Hnq', [4, 9, 12, 13.427009185099999])
('Hnk', [4, 8, 55, 13.2885685421])
('HnTT', [4, 9, 40, 13.590270456300001])
('HnSS', [4, 9, 44, 20.786048761100002])
('Hzl', [3, 9, 27, 12.1970699547])
('Hzn', [4, 16, 38, 11.7732799814])
('Hz!', [4, 7, 35, 13.0550509499])
('Hy_r', [4, 11, 30, 18.317158260199999])
('Hdy', [4, 9, 13, 12.6489360332])
('Hgy', [4, 6, 46, 10.7355025918])
('Hfr', [4, 16, 31, 12.7755724065])
('masn', [3, 7, 23, 13.425734110300001])
('mhll', [3, 5, 31, 14.1735280282])
('mlml', [4, 9, 43, 12.586400236799999])
('mlxy', [3, 7, 13, 18.4752473315])
('mlk`', [4, 11, 22, 13.070475679799999])
('mly', [3, 7, 51, 10.430230743599999])
('mlT', [3, 15, 31, 11.494361080999999])
('mHz', [3, 13, 18, 10.6925175121])
('mrx', [4, 9, 11, 12.4002548511])
('mry', [4, 9, 22, 9.8152923503899991])
('mr_H', [3, 9, 50, 18.336072576399999])
('mr_z', [4, 8, 37, 19.7620924635])
('msly', [3, 11, 9, 13.4502955336])
('msH', [4, 12, 7, 11.952202294599999])
('msrH', [4, 8, 43, 13.1905362598])
('msy', [4, 10, 16, 10.871282299200001])
('msT', [3, 13, 50, 11.8332142584])
('mq_r', [4, 7, 32, 24.170654473399999])
('mnz`', [3, 7, 13, 21.620613993399999])
('mnTl', [4, 14, 15, 15.156132572000001])
('mnCw', [3, 5, 58, 22.693853834399999])
('mn_w', [3, 9, 59, 11.428269227299999])
('m!z', [3, 9, 21, 24.979898993599999])
('mk_H', [4, 5, 26, 24.8162233927])
('mk_r', [4, 13, 12, 17.519377752800001])
('mkW_r', [4, 10, 50, 26.340579474799998])
('mwy', [4, 8, 52, 13.806780850499999])
('mzmz', [4, 11, 28, 12.30428051])
('mzbl', [3, 5, 41, 15.6542928991])
('mz_y', [4, 5, 31, 10.6913036331])
('myd', [3, 11, 61, 12.1938039736])
('mgW_s', [4, 11, 23, 18.358913080600001])
('mTn', [4, 5, 58, 13.2027370984])
('mS!y', [3, 9, 33, 15.044940587699999])
('mWrkWs', [3, 6, 47, 22.269829545499999])
('mWgW_s', [4, 8, 10, 21.879421712700001])
('rhw', [3, 10, 21, 19.099955831399999])
('rHrH', [3, 11, 31, 15.451828996])
('rHw', [4, 7, 22, 14.6695650549])
('rs_n', [4, 10, 19, 11.174154139100001])
('rqq', [3, 6, 53, 12.8049203295])
('rbH', [4, 16, 38, 12.7591166399])
('rbx', [4, 7, 31, 20.6174908313])
('rbS', [3, 7, 26, 13.228601923199999])
('rt`', [4, 11, 22, 14.5664715619])
('rkby', [4, 9, 36, 13.273689812700001])
('rk_b', [4, 18, 37, 11.981509061200001])
('r`m', [3, 9, 31, 12.913693676999999])
('r`d', [4, 12, 40, 14.182568961399999])
('rzr', [3, 9, 100, 11.7665341114])
('rzn', [4, 7, 26, 12.592822888900001])
('rd!', [4, 10, 18, 14.054572523399999])
('rgrg', [3, 5, 40, 17.648448864100001])
('rgy', [3, 6, 61, 9.5765252265700003])
('saly', [4, 9, 10, 14.83378693])
('slsl', [4, 9, 57, 17.9839757134])
('slb', [4, 5, 26, 13.3139771088])
('slT', [4, 15, 36, 13.83378693])
('slf', [4, 13, 33, 13.1619740153])
('sl_`', [4, 6, 17, 11.924934818000001])
('smbd', [3, 10, 29, 16.2203907016])
('sm`w', [3, 8, 60, 13.413035779499999])
('smy', [4, 14, 35, 12.263459423500001])
('srHy', [3, 10, 23, 18.630270834000001])
('srr', [4, 9, 19, 9.8478817598700008])
('srsr', [3, 9, 39, 16.254845958600001])
('srz', [4, 7, 29, 12.217115569500001])
('sqWr', [3, 9, 26, 16.769762681700001])
('sby', [4, 9, 13, 10.8951874746])
('snkl', [4, 11, 39, 14.3509996508])
('snkt', [4, 7, 50, 14.9245830894])
('snzr', [3, 5, 40, 13.056041824899999])
('snd', [4, 6, 26, 10.065112476099999])
('snf', [3, 8, 45, 11.597962944300001])
('sn_q', [3, 8, 18, 10.565038873000001])
('sn_`', [4, 5, 23, 18.342110524700001])
('s!y', [4, 12, 28, 13.117579896000001])
('skr', [4, 11, 18, 9.9155361200400005])
('sk_f', [4, 16, 40, 18.282915126999999])
('skW`', [3, 11, 34, 12.565038873000001])
('sw_y', [3, 8, 26, 11.565038873000001])
('sw_T', [3, 6, 33, 12.439507990899999])
('sd`', [3, 9, 41, 13.8724673981])
('sgy', [3, 8, 44, 10.712596061399999])
('sgd', [4, 10, 22, 13.8280732788])
('sgW_g', [4, 10, 22, 20.781653557999999])
('sfr', [4, 15, 35, 11.6912653315])
('xlm', [3, 7, 40, 14.1945429242])
('xmt', [4, 6, 15, 14.241848638900001])
('xmgl', [3, 6, 38, 24.258438715699999])
('xrf', [3, 8, 29, 18.508278313000002])
('xq_T', [4, 7, 36, 27.809979453699999])
('xqWrr', [3, 7, 27, 22.076347435599999])
('xgr', [4, 10, 30, 18.973036496799999])
('qlH', [4, 11, 33, 13.0922294814])
('qlb', [4, 9, 23, 11.473714421])
('qly', [3, 9, 39, 10.9293939048])
('qmm', [4, 9, 23, 14.3927944256])
('qms', [3, 6, 56, 11.3710993545])
('qrqr', [3, 9, 11, 18.054572523400001])
('qr_b', [3, 8, 36, 10.7247761852])
('qsb', [4, 12, 41, 14.714028750300001])
('qsn', [4, 12, 29, 12.7105781506])
('qbr', [4, 13, 38, 11.355640916900001])
('qbS', [4, 14, 19, 13.2062341101])
('qb_y', [3, 5, 29, 11.473714421])
('qnzw', [3, 6, 25, 16.028100311999999])
('qny', [3, 6, 47, 11.2248497883])
('qnSl', [4, 5, 34, 15.2198317135])
('qzf', [3, 7, 40, 23.967578588599999])
('qyd', [3, 7, 35, 11.7367488268])
('qy_s', [4, 8, 56, 16.9266261627])
('qj_l', [3, 7, 50, 18.410071925499999])
('qTqT', [4, 12, 22, 12.719723201600001])
('qWarS', [3, 7, 26, 21.0887333682])
('qWm_t', [4, 10, 38, 18.723298608])
('qWry', [4, 5, 12, 10.622252750399999])
('qWw_m', [4, 9, 20, 25.4827783504])
('qWT_`', [4, 11, 29, 11.4967218683])
('qWSy', [3, 7, 18, 11.759756274100001])
('bany', [3, 5, 56, 10.6302588831])
('bags', [4, 7, 34, 15.688675569300001])
('bhly', [3, 5, 29, 11.897808769999999])
('bhrr', [3, 6, 27, 14.690279455000001])
('bhgy', [3, 10, 44, 19.909805735399999])
('blH', [3, 9, 29, 13.4085676501])
('blS', [4, 10, 37, 13.053086995499999])
('bHt', [4, 11, 24, 14.1094267198])
('brhy', [3, 10, 23, 15.181668824100001])
('brbr', [4, 9, 14, 14.321907315500001])
('brt`', [4, 14, 29, 17.4865234056])
('br`n', [4, 7, 33, 16.778293074299999])
('bry', [4, 11, 23, 10.5092434821])
('br_z', [4, 5, 33, 26.691845924500001])
('bs`', [3, 6, 26, 13.6907469193])
('bs_r', [3, 12, 36, 25.485684067000001])
('bqq', [4, 8, 26, 12.625436499599999])
('bq`', [4, 17, 25, 13.8206409095])
('bk_l', [3, 7, 42, 19.346306384999998])
('b`y', [4, 9, 24, 11.9181574154])
('bzH', [4, 17, 32, 19.4039837451])
('bdh', [3, 8, 26, 15.974624367100001])
('bdd', [3, 8, 23, 12.4600511942])
('bjw', [3, 7, 58, 26.766684341600001])
('bCw', [3, 6, 33, 19.417971660999999])
('bSHy', [3, 13, 28, 18.2178546301])
('tmS', [3, 10, 16, 13.7143126057])
('try', [3, 10, 22, 10.9487778594])
('tsfw', [3, 11, 52, 18.924620234100001])
('tnbh', [4, 6, 44, 16.172312792300001])
('tkWr', [4, 6, 37, 11.726385437999999])
('twt', [3, 10, 40, 13.752993073900001])
('nayy', [4, 6, 27, 13.9611229073])
('nafq', [3, 15, 29, 15.9500677188])
('nhr', [4, 7, 18, 18.660918217399999])
('nsH', [4, 9, 16, 14.449007101399999])
('nsns', [4, 7, 37, 16.8437833148])
('nq_H', [4, 7, 25, 10.572557619399999])
('nqWt', [4, 6, 28, 18.660575681499999])
('nby', [3, 11, 38, 10.317743720299999])
('nkf', [3, 9, 23, 11.710061143100001])
('nw_H', [4, 12, 28, 24.427249140499999])
('ndq', [4, 12, 29, 11.6779423686])
('ndy', [4, 11, 22, 11.590479527399999])
('ngy', [4, 5, 38, 9.8456456898700004])
('nTf', [3, 7, 48, 12.508017367200001])
('nfg', [4, 11, 42, 19.959097305899999])
('!rm', [4, 11, 18, 12.431069579400001])
('!t_w', [3, 9, 33, 26.392825283200001])
('!nft', [3, 8, 25, 16.225315611100001])
('!wy', [3, 8, 33, 19.222964385899999])
('!yy', [4, 17, 9, 11.176255680400001])
('!g_m', [3, 8, 29, 12.1662020157])
('kayd', [3, 8, 27, 21.4560100542])
('kll', [4, 16, 30, 12.394600582800001])
('krkr', [3, 7, 43, 15.9447451187])
('kx_H', [4, 8, 33, 18.419641607199999])
('ktm', [4, 14, 43, 13.2977216498])
('kt_t', [4, 8, 33, 11.511838257999999])
('kwls', [3, 8, 46, 16.185805764800001])
('kym', [3, 10, 17, 18.343013525899998])
('kyy', [3, 13, 8, 11.402903886500001])
('kWll', [4, 12, 10, 10.2502728271])
('kWlf', [3, 11, 25, 12.197805407200001])
('kWl_`', [3, 5, 33, 20.428061298100001])
('kWHkWH', [3, 9, 17, 29.542384657300001])
('kWm_r', [3, 6, 33, 18.936281185399999])
('kWr`', [3, 11, 31, 12.2035190584])
('kWbll', [3, 7, 18, 20.684459984899998])
('kWbkWb', [3, 9, 37, 28.017533140800001])
('wasy', [3, 7, 23, 12.285491139599999])
('wafr', [4, 12, 40, 16.795046237699999])
('whll', [3, 10, 50, 15.101616271299999])
('whd', [4, 11, 31, 13.2594959311])
('wly', [3, 8, 14, 11.063098718299999])
('wHd', [4, 12, 30, 12.172235602400001])
('wrH', [4, 10, 27, 11.884259439899999])
('wrq', [3, 11, 26, 11.3850268132])
('wrwr', [4, 7, 33, 18.062746454799999])
('wry', [4, 11, 36, 10.6074192345])
('wsb', [3, 6, 45, 14.0847727612])
('wq_b', [3, 5, 47, 18.503134754600001])
('wnzf', [4, 8, 16, 22.205713872800001])
('wnjl', [4, 7, 29, 29.228649663399999])
('wk_s', [4, 17, 12, 11.9673151796])
('wdr', [4, 12, 28, 12.6518133539])
('wd_s', [4, 11, 17, 11.0928460617])
('wd_b', [4, 14, 30, 11.0928460617])
('wd_d', [3, 9, 41, 11.0928460617])
('wgy', [4, 5, 14, 10.7549764229])
('wT_r', [4, 13, 25, 16.3926884159])
('wT_y', [3, 10, 21, 16.3831445784])
('wS`', [4, 10, 14, 12.835349839399999])
('wSy', [4, 14, 34, 11.7449227583])
('`l_w', [4, 8, 25, 11.937114941800001])
('`mt', [3, 8, 10, 13.5651461644])
('`mS', [4, 11, 23, 13.6963906977])
('`mWq', [3, 8, 31, 19.0433974478])
('`rb', [4, 13, 19, 13.349240845700001])
('`rd', [3, 8, 28, 13.2590430367])
('`rg', [3, 6, 44, 14.8491672426])
('`r_q', [3, 7, 33, 12.4516881147])
('`sl', [4, 10, 32, 12.214796123599999])
('`skr', [3, 6, 23, 14.1907506497])
('`s_b', [4, 8, 15, 25.671138926000001])
('`xg', [3, 5, 54, 26.999073869899998])
('`x_w', [4, 7, 21, 19.0047169797])
('`qb', [3, 7, 13, 13.740634353100001])
('`qWr', [4, 10, 39, 17.460014710599999])
('`qWb', [4, 10, 55, 24.462602475299999])
('`br', [4, 9, 22, 10.8127824472])
('`bs', [3, 8, 27, 12.2813531984])
('`bT', [4, 8, 10, 12.193890357200001])
('`b_d', [4, 10, 23, 26.2191444734])
('`tr', [3, 7, 45, 13.3313938809])
('`ngl', [3, 8, 40, 14.989721379000001])
('`zr', [3, 8, 15, 11.274681015100001])
('`z_z', [4, 6, 36, 9.8402534025800001])
('`yd', [4, 11, 10, 12.217222861])
('`jb', [3, 12, 21, 25.636035125100001])
('`gs', [4, 10, 26, 13.714722520500001])
('`gb', [3, 15, 54, 13.0726161127])
('`TT', [3, 8, 45, 12.342753743099999])
('`f_n', [3, 5, 15, 18.999003328499999])
('zlq', [4, 9, 21, 12.4058243741])
('zlf', [3, 7, 26, 12.315626565100001])
('zry', [4, 15, 28, 10.0525921593])
('zrf', [3, 7, 19, 10.830199737899999])
('zny', [4, 15, 25, 11.180696985000001])
('zzm', [4, 7, 32, 13.016066283200001])
('dhl', [4, 10, 33, 13.035853326])
('dhb', [4, 11, 23, 13.161384208099999])
('dlb', [3, 8, 34, 11.5764217074])
('dldl', [4, 8, 32, 17.764268616799999])
('dm`', [3, 8, 30, 12.493265777])
('drby', [4, 15, 35, 13.8008479081])
('dry', [4, 11, 13, 10.0585734025])
('drg', [3, 8, 44, 12.6028939188])
('drgWH', [4, 6, 13, 15.5764217074])
('dskl', [4, 7, 22, 21.339381250799999])
('ds_t', [4, 9, 19, 26.115370446899998])
('db_y', [4, 10, 26, 11.4508908253])
('dnq', [4, 12, 37, 12.433817312])
('dnqWr', [4, 7, 47, 13.9013213688])
('dnzz', [4, 6, 33, 15.737835209])
('dndn', [4, 8, 29, 14.238915605300001])
('dnSw', [4, 10, 45, 14.4194005392])
('dkWn', [3, 7, 31, 24.168142788299999])
('dwb', [3, 11, 34, 18.096554211499999])
('dgWn', [4, 7, 18, 18.0957237342])
('dfy', [3, 6, 21, 12.0555895441])
('jhr', [4, 8, 15, 21.4908564248])
('galb', [4, 7, 21, 15.0532471259])
('gard', [4, 11, 39, 14.4913682383])
('gady', [3, 6, 10, 10.6488568708])
('gagy', [4, 17, 22, 13.8669035778])
('ghs', [3, 5, 46, 11.867576319699999])
('glbT', [4, 11, 33, 14.2718874124])
('gly', [4, 7, 9, 11.0494949911])
('glf', [3, 6, 42, 11.441812413799999])
('gmgm', [4, 12, 35, 22.0958324112])
('grm', [3, 10, 52, 13.8706557126])
('grf', [4, 7, 10, 12.8308547046])
('gr_b', [4, 6, 13, 10.7193463894])
('gsgs', [4, 7, 34, 18.196699916])
('gb_r', [3, 9, 31, 11.468284625200001])
('gb_y', [3, 13, 34, 11.468284625200001])
('gtr', [3, 8, 29, 13.3804118692])
('gt!', [4, 15, 21, 13.9806785])
('gnH', [3, 11, 20, 12.486206533200001])
('gnfl', [3, 6, 50, 14.8131527028])
('gwt', [4, 11, 13, 18.1165523419])
('gz!y', [3, 9, 37, 13.1463565303])
('gzy', [4, 7, 15, 17.244009969])
('gzf', [3, 6, 47, 18.311691761300001])
('gyr', [4, 13, 14, 17.253553806500001])
('gCw', [3, 6, 46, 25.559747370499998])
('gf`', [4, 13, 31, 17.850054995699999])
('gWanf', [4, 12, 53, 16.274603489099999])
('gWhr', [3, 6, 45, 13.225191295])
('gWlH', [4, 7, 26, 14.133212972600001])
('gWHf', [4, 8, 34, 14.706102640999999])
('gWs`', [4, 6, 25, 18.899397752700001])
('gWsgWs', [4, 11, 36, 33.516554497900003])
('gWb!', [4, 9, 26, 12.3440791406])
('gWbz', [3, 7, 11, 19.8485211484])
('gWnSf', [3, 10, 53, 21.704069910899999])
('gWzgWz', [3, 6, 12, 36.605260685899999])
('gWdy', [3, 7, 18, 12.552356038199999])
('Tlm', [4, 17, 32, 11.796222819800001])
('Tlqy', [4, 9, 27, 15.8268111397])
('THs', [4, 9, 33, 12.299793408999999])
('Tmzz', [3, 8, 36, 17.349590207599999])
('Tmy', [4, 9, 16, 13.1236364538])
('Tm_q', [3, 12, 36, 18.3849816289])
('Tr_z', [4, 6, 38, 26.6749325416])
('Tqll', [4, 7, 32, 12.9251053454])
('Tqmy', [4, 7, 17, 14.2529194707])
('Tqy', [3, 6, 25, 12.736613330699999])
('Tq_s', [4, 12, 53, 19.320931423400001])
('Tq_`', [4, 9, 19, 26.223533957099999])
('Tbb', [3, 10, 7, 10.3190164995])
('Tb_r', [4, 11, 15, 19.375379207400002])
('Tyy', [4, 9, 26, 11.3162815317])
('TT_H', [4, 8, 28, 11.4252159033])
('Crt', [4, 9, 13, 20.315633235100002])
('Cr_H', [4, 8, 31, 18.423217061399999])
('CbT', [3, 14, 42, 13.652917236])
('CngW`', [4, 6, 26, 16.2976218204])
('Ck_n', [4, 8, 16, 26.578996892799999])
('Cw_y', [4, 9, 36, 19.520718570500001])
('Cdr', [4, 5, 18, 19.0796564497])
('CfCf', [3, 6, 22, 23.116460910000001])
('Sab!', [3, 11, 56, 21.169048229800001])
('Saw_d', [3, 5, 60, 28.678872596200002])
('Shy', [4, 8, 42, 13.4228158112])
('Sll', [4, 15, 31, 9.7433357116699995])
('Sl_m', [4, 13, 29, 11.056493596899999])
('SHtr', [3, 5, 33, 16.176963658599998])
('Smm', [3, 13, 30, 14.056493596899999])
('Smbl', [3, 6, 11, 16.275974422800001])
('Srg', [4, 8, 27, 13.0635660901])
('Sbq', [3, 7, 21, 14.220469332])
('Sbb', [4, 15, 17, 11.8512355224])
('Snbl', [4, 7, 22, 14.3607196901])
('Snbr', [4, 16, 34, 13.7810661008])
('Swr', [4, 12, 18, 13.993972512399999])
('Sw_y', [3, 7, 27, 10.696597651799999])
('Sw_g', [4, 7, 18, 19.913212336899999])
('S`t', [4, 6, 32, 12.4410204066])
('Sy_q', [3, 5, 40, 26.640867136200001])
('Sdf', [4, 11, 22, 13.1352707103])
('Sgb', [4, 13, 33, 13.458781308500001])
('Sff', [4, 9, 27, 12.0304983884])
('flH', [3, 7, 18, 13.2060023926])
('flm', [4, 9, 31, 12.151139326699999])
('flTy', [3, 8, 26, 14.706659033199999])
('frm', [4, 9, 41, 11.3515148226])
('frq', [4, 7, 23, 10.311713814499999])
('ftHy', [3, 5, 23, 17.9481751768])
('ftx', [4, 10, 15, 19.708895929499999])
('ft_y', [3, 14, 15, 11.461956450100001])
('fntt', [3, 6, 31, 16.5382950443])
('fnCl', [4, 6, 56, 22.155460964])
('fnfn', [3, 9, 50, 16.038150073899999])
('fw_s', [4, 15, 23, 18.052223809099999])
('fzz', [4, 7, 16, 19.4962194045])
('fTT', [4, 9, 17, 12.706659033199999])
