('wS`', [4, 10, 14, 12.8353498394])
('nqWt', [4, 6, 28, 18.6605756815])
('SHtr', [3, 5, 33, 16.1769636586])
('CngW`', [4, 6, 26, 16.2976218204])
('Hzl', [3, 9, 27, 12.1970699547])
('sn_`', [4, 5, 23, 18.3421105247])
('Hzn', [4, 16, 38, 11.7732799814])
('`f_n', [3, 5, 15, 18.9990033285])
('`bT', [4, 8, 10, 12.1938903572])
('wSy', [4, 14, 34, 11.7449227583])
('gz!y', [3, 9, 37, 13.1463565303])
('sn_q', [3, 8, 18, 10.565038873])
('rt`', [4, 11, 22, 14.5664715619])
('wk_s', [4, 17, 12, 11.9673151796])
('mwy', [4, 8, 52, 13.8067808505])
('`bs', [3, 8, 27, 12.2813531984])
('bqq', [4, 8, 26, 12.6254364996])
('nsns', [4, 7, 37, 16.8437833148])
('lky', [4, 9, 27, 10.5149599632])
('Tq_s', [4, 12, 53, 19.3209314234])
('brhy', [3, 10, 23, 15.1816688241])
('Hz!', [4, 7, 35, 13.0550509499])
('`qWb', [4, 10, 55, 24.4626024753])
('wq_b', [3, 5, 47, 18.5031347546])
('`qWr', [4, 10, 39, 17.4600147106])
('Hqf', [3, 9, 18, 13.4689573671])
('`rg', [3, 6, 44, 14.8491672426])
('bhly', [3, 5, 29, 11.89780877])
('try', [3, 10, 22, 10.9487778594])
('kll', [4, 16, 30, 12.3946005828])
('jhr', [4, 8, 15, 21.4908564248])
('hyy', [3, 11, 9, 11.7650659062])
('qms', [3, 6, 56, 11.3710993545])
('m!z', [3, 9, 21, 24.9798989936])
('`tr', [3, 7, 45, 13.3313938809])
('Smm', [3, 13, 30, 14.0564935969])
('Snbr', [4, 16, 34, 13.7810661008])
('qmm', [4, 9, 23, 14.3927944256])
('drby', [4, 15, 35, 13.8008479081])
('bdd', [3, 8, 23, 12.4600511942])
('Sw_y', [3, 7, 27, 10.6965976518])
('Sbq', [3, 7, 21, 14.220469332])
('bdh', [3, 8, 26, 15.9746243671])
('zry', [4, 15, 28, 10.0525921593])
('zrf', [3, 7, 19, 10.8301997379])
('rd!', [4, 10, 18, 14.0545725234])
('bSHy', [3, 13, 28, 18.2178546301])
('Sw_g', [4, 7, 18, 19.9132123369])
('bhrr', [3, 6, 27, 14.690279455])
('sby', [4, 9, 13, 10.8951874746])
('`mS', [4, 11, 23, 13.6963906977])
('gr_b', [4, 6, 13, 10.7193463894])
('lk_`', [3, 6, 43, 25.3969431101])
('mzbl', [3, 5, 41, 15.6542928991])
('lk_m', [4, 14, 11, 17.5647299042])
('dry', [4, 11, 13, 10.0585734025])
('mr_z', [4, 8, 37, 19.7620924635])
('bq`', [4, 17, 25, 13.8206409095])
('srHy', [3, 10, 23, 18.630270834])
('brt`', [4, 14, 29, 17.4865234056])
('glf', [3, 6, 42, 11.4418124138])
('Hlb', [4, 8, 33, 12.4624145213])
('gly', [4, 7, 9, 11.0494949911])
('wdr', [4, 12, 28, 12.6518133539])
('!yy', [4, 17, 9, 11.1762556804])
('mTn', [4, 5, 58, 13.2027370984])
('gWsgWs', [4, 11, 36, 33.5165544979])
('drg', [3, 8, 44, 12.6028939188])
('sgy', [3, 8, 44, 10.7125960614])
('dkWn', [3, 7, 31, 24.1681427883])
('kWHkWH', [3, 9, 17, 29.5423846573])
('bry', [4, 11, 23, 10.5092434821])
('msT', [3, 13, 50, 11.8332142584])
('msH', [4, 12, 7, 11.9522022946])
('mlk`', [4, 11, 22, 13.0704756798])
('qzf', [3, 7, 40, 23.9675785886])
('mn_w', [3, 9, 59, 11.4282692273])
('mnCw', [3, 5, 58, 22.6938538344])
('msy', [4, 10, 16, 10.8712822992])
('Hs_y', [3, 11, 13, 17.2381398651])
('Snbl', [4, 7, 22, 14.3607196901])
('tnbh', [4, 6, 44, 16.1723127923])
('Tlm', [4, 17, 32, 11.7962228198])
('twt', [3, 10, 40, 13.7529930739])
('Tb_r', [4, 11, 15, 19.3753792074])
('nkf', [3, 9, 23, 11.7100611431])
('`br', [4, 9, 22, 10.8127824472])
('`mt', [3, 8, 10, 13.5651461644])
('CbT', [3, 14, 42, 13.652917236])
('Tqmy', [4, 7, 17, 14.2529194707])
('gsgs', [4, 7, 34, 18.196699916])
('Hlq', [4, 8, 38, 12.4006092368])
('bHt', [4, 11, 24, 14.1094267198])
('Tm_q', [3, 12, 36, 18.3849816289])
('Hll', [4, 10, 30, 11.1752518445])
('kym', [3, 10, 17, 18.3430135259])
('Hgy', [4, 6, 46, 10.7355025918])
('gzf', [3, 6, 47, 18.3116917613])
('qWarS', [3, 7, 26, 21.0887333682])
('gzy', [4, 7, 15, 17.244009969])
('kyy', [3, 13, 8, 11.4029038865])
('kWl_`', [3, 5, 33, 20.4280612981])
('Sab!', [3, 11, 56, 21.1690482298])
('Tmzz', [3, 8, 36, 17.3495902076])
('`r_q', [3, 7, 33, 12.4516881147])
('Tyy', [4, 9, 26, 11.3162815317])
('Sff', [4, 9, 27, 12.0304983884])
('snf', [3, 8, 45, 11.5979629443])
('snd', [4, 6, 26, 10.0651124761])
('r`d', [4, 12, 40, 14.1825689614])
('dskl', [4, 7, 22, 21.3393812508])
('r`m', [3, 9, 31, 12.913693677])
('wd_s', [4, 11, 17, 11.0928460617])
('ghs', [3, 5, 46, 11.8675763197])
('b`y', [4, 9, 24, 11.9181574154])
('wd_b', [4, 14, 30, 11.0928460617])
('wd_d', [3, 9, 41, 11.0928460617])
('TT_H', [4, 8, 28, 11.4252159033])
('zny', [4, 15, 25, 11.180696985])
('sqWr', [3, 9, 26, 16.7697626817])
('lhy', [3, 6, 16, 18.9713058247])
('rkby', [4, 9, 36, 13.2736898127])
('Hdy', [4, 9, 13, 12.6489360332])
('dnSw', [4, 10, 45, 14.4194005392])
('wrH', [4, 10, 27, 11.8842594399])
('kx_H', [4, 8, 33, 18.4196416072])
('kt_t', [4, 8, 33, 11.511838258])
('wsb', [3, 6, 45, 14.0847727612])
('kWbkWb', [3, 9, 37, 28.0175331408])
('mnz`', [3, 7, 13, 21.6206139934])
('xq_T', [4, 7, 36, 27.8099794537])
('fnCl', [4, 6, 56, 22.155460964])
('gtr', [3, 8, 29, 13.3804118692])
('ftHy', [3, 5, 23, 17.9481751768])
('nw_H', [4, 12, 28, 24.4272491405])
('Tbb', [3, 10, 7, 10.3190164995])
('br`n', [4, 7, 33, 16.7782930743])
('`jb', [3, 12, 21, 25.6360351251])
('Shy', [4, 8, 42, 13.4228158112])
('bany', [3, 5, 56, 10.6302588831])
('`qb', [3, 7, 13, 13.7406343531])
('`s_b', [4, 8, 15, 25.671138926])
('gCw', [3, 6, 46, 25.5597473705])
('br_z', [4, 5, 33, 26.6918459245])
('mk_H', [4, 5, 26, 24.8162233927])
('nfg', [4, 11, 42, 19.9590973059])
('`xg', [3, 5, 54, 26.9990738699])
('skW`', [3, 11, 34, 12.565038873])
('gWdy', [3, 7, 18, 12.5523560382])
('hlq', [3, 6, 46, 13.3146953338])
('lf`', [4, 5, 33, 18.9781928384])
('flTy', [3, 8, 26, 14.7066590332])
('blS', [4, 10, 37, 13.0530869955])
('wT_r', [4, 13, 25, 16.3926884159])
('blH', [3, 9, 29, 13.4085676501])
('Swr', [4, 12, 18, 13.9939725124])
('smy', [4, 14, 35, 12.2634594235])
('ftx', [4, 10, 15, 19.7088959295])
('wnzf', [4, 8, 16, 22.2057138728])
('`x_w', [4, 7, 21, 19.0047169797])
('wgy', [4, 5, 14, 10.7549764229])
('nq_H', [4, 7, 25, 10.5725576194])
('dnzz', [4, 6, 33, 15.737835209])
('lms', [3, 8, 33, 9.88724536414])
('`z_z', [4, 6, 36, 9.84025340258])
('lm`', [3, 7, 50, 12.9533345546])
('wly', [3, 8, 14, 11.0630987183])
('Hl_f', [4, 6, 18, 24.7022504149])
('mly', [3, 7, 51, 10.4302307436])
('tkWr', [4, 6, 37, 11.726385438])
('qnzw', [3, 6, 25, 16.028100312])
('Tlqy', [4, 9, 27, 15.8268111397])
('mWrkWs', [3, 6, 47, 22.2698295455])
('mr_H', [3, 9, 50, 18.3360725764])
('dgWn', [4, 7, 18, 18.0957237342])
('Tqll', [4, 7, 32, 12.9251053454])
('Sdf', [4, 11, 22, 13.1352707103])
('snkl', [4, 11, 39, 14.3509996508])
('nhr', [4, 7, 18, 18.6609182174])
('dfy', [3, 6, 21, 12.0555895441])
('snzr', [3, 5, 40, 13.0560418249])
('slsl', [4, 9, 57, 17.9839757134])
('Hmq', [4, 10, 12, 13.1989031126])
('rHw', [4, 7, 22, 14.6695650549])
('Hms', [3, 7, 20, 10.1772080415])
('HnTT', [4, 9, 40, 13.5902704563])
('rHrH', [3, 11, 31, 15.451828996])
('dm`', [3, 8, 30, 12.493265777])
('msrH', [4, 8, 43, 13.1905362598])
('qly', [3, 9, 39, 10.9293939048])
('Sll', [4, 15, 31, 9.74333571167])
('s!y', [4, 12, 28, 13.117579896])
('gyr', [4, 13, 14, 17.2535538065])
('qlb', [4, 9, 23, 11.473714421])
('rzn', [4, 7, 26, 12.5928228889])
('ktm', [4, 14, 43, 13.2977216498])
('rzr', [3, 9, 100, 11.7665341114])
('qlH', [4, 11, 33, 13.0922294814])
('nafq', [3, 15, 29, 15.9500677188])
('bk_l', [3, 7, 42, 19.346306385])
('gWnSf', [3, 10, 53, 21.7040699109])
('wafr', [4, 12, 40, 16.7950462377])
('galb', [4, 7, 21, 15.0532471259])
('Hxy', [3, 10, 32, 15.3192544031])
('lbm', [4, 8, 41, 17.3598711126])
('Tqy', [3, 6, 25, 12.7366133307])
('db_y', [4, 10, 26, 11.4508908253])
('gWs`', [4, 6, 25, 18.8993977527])
('mS!y', [3, 9, 33, 15.0449405877])
('kayd', [3, 8, 27, 21.4560100542])
('hgr', [4, 10, 23, 18.5121953079])
('nTf', [3, 7, 48, 12.5080173672])
('whd', [4, 11, 31, 13.2594959311])
('qbS', [4, 14, 19, 13.2062341101])
('mz_y', [4, 5, 31, 10.6913036331])
('`b_d', [4, 10, 23, 26.2191444734])
('xmgl', [3, 6, 38, 24.2584387157])
('sfr', [4, 15, 35, 11.6912653315])
('hl_y', [3, 9, 23, 11.9550368498])
('bs_r', [3, 12, 36, 25.485684067])
('qyd', [3, 7, 35, 11.7367488268])
('smbd', [3, 10, 29, 16.2203907016])
('bs`', [3, 6, 26, 13.6907469193])
('bzH', [4, 17, 32, 19.4039837451])
('mrx', [4, 9, 11, 12.4002548511])
('mry', [4, 9, 22, 9.81529235039])
('saly', [4, 9, 10, 14.83378693])
('`gb', [3, 15, 54, 13.0726161127])
('wry', [4, 11, 36, 10.6074192345])
('mkW_r', [4, 10, 50, 26.3405794748])
('mq_r', [4, 7, 32, 24.1706544734])
('qWw_m', [4, 9, 20, 25.4827783504])
('`rd', [3, 8, 28, 13.2590430367])
('gWanf', [4, 12, 53, 16.2746034891])
('`rb', [4, 13, 19, 13.3492408457])
('Sbb', [4, 15, 17, 11.8512355224])
('gmgm', [4, 12, 35, 22.0958324112])
('`yd', [4, 11, 10, 12.217222861])
('kWr`', [3, 11, 31, 12.2035190584])
('xmt', [4, 6, 15, 14.2418486389])
('hrf', [4, 15, 44, 12.2472176013])
('S`t', [4, 6, 32, 12.4410204066])
('ngy', [4, 5, 38, 9.84564568987])
('HnSS', [4, 9, 44, 20.7860487611])
('xqWrr', [3, 7, 27, 22.0763474356])
('gnfl', [3, 6, 50, 14.8131527028])
('Hy_r', [4, 11, 30, 18.3171582602])
('gWlH', [4, 7, 26, 14.1332129726])
('!rm', [4, 11, 18, 12.4310695794])
('fTT', [4, 9, 17, 12.7066590332])
('wHd', [4, 12, 30, 12.1722356024])
('Hrm', [3, 12, 28, 11.3511618897])
('mzmz', [4, 11, 28, 12.30428051])
('!nft', [3, 8, 25, 16.2253156111])
('ds_t', [4, 9, 19, 26.1153704469])
('`skr', [3, 6, 23, 14.1907506497])
('fnfn', [3, 9, 50, 16.0381500739])
('Tmy', [4, 9, 16, 13.1236364538])
('!wy', [3, 8, 33, 19.2229643859])
('THs', [4, 9, 33, 12.299793409])
('snkt', [4, 7, 50, 14.9245830894])
('dlb', [3, 8, 34, 11.5764217074])
('qWry', [4, 5, 12, 10.6222527504])
('gagy', [4, 17, 22, 13.8669035778])
('Hsm', [4, 14, 18, 14.5677992705])
('Hsr', [3, 7, 41, 14.6136029601])
('rgrg', [3, 5, 40, 17.6484488641])
('mlT', [3, 15, 31, 11.494361081])
('Srg', [4, 8, 27, 13.0635660901])
('Saw_d', [3, 5, 60, 28.6788725962])
('mnTl', [4, 14, 15, 15.156132572])
('ndy', [4, 11, 22, 11.5904795274])
('qr_b', [3, 8, 36, 10.7247761852])
('gwt', [4, 11, 13, 18.1165523419])
('rgy', [3, 6, 61, 9.57652522657])
('flm', [4, 9, 31, 12.1511393267])
('mlxy', [3, 7, 13, 18.4752473315])
('mhll', [3, 5, 31, 14.1735280282])
('ndq', [4, 12, 29, 11.6779423686])
('rk_b', [4, 18, 37, 11.9815090612])
('srsr', [3, 9, 39, 16.2548459586])
('Hrbt', [3, 9, 23, 15.2089136127])
('frm', [4, 9, 41, 11.3515148226])
('frq', [4, 7, 23, 10.3117138145])
('Crt', [4, 9, 13, 20.3156332351])
('slT', [4, 15, 36, 13.83378693])
('wrq', [3, 11, 26, 11.3850268132])
('rbS', [3, 7, 26, 13.2286019232])
('qsn', [4, 12, 29, 12.7105781506])
('kWbll', [3, 7, 18, 20.6844599849])
('hndd', [4, 8, 25, 13.2345511895])
('nayy', [4, 6, 27, 13.9611229073])
('rbH', [4, 16, 38, 12.7591166399])
('gnH', [3, 11, 20, 12.4862065332])
('gWhr', [3, 6, 45, 13.225191295])
('rbx', [4, 7, 31, 20.6174908313])
('Sy_q', [3, 5, 40, 26.6408671362])
('slf', [4, 13, 33, 13.1619740153])
('slb', [4, 5, 26, 13.3139771088])
('qy_s', [4, 8, 56, 16.9266261627])
('bags', [4, 7, 34, 15.6886755693])
('dhl', [4, 10, 33, 13.035853326])
('dhb', [4, 11, 23, 13.1613842081])
('myd', [3, 11, 61, 12.1938039736])
('lqm', [3, 6, 17, 14.7436085451])
('Sl_m', [4, 13, 29, 11.0564935969])
('qnSl', [4, 5, 34, 15.2198317135])
('qrqr', [3, 9, 11, 18.0545725234])
('Hnk', [4, 8, 55, 13.2885685421])
('Hnq', [4, 9, 12, 13.4270091851])
('mHz', [3, 13, 18, 10.6925175121])
('mWgW_s', [4, 8, 10, 21.8794217127])
('gWHf', [4, 8, 34, 14.706102641])
('Cdr', [4, 5, 18, 19.0796564497])
('sw_y', [3, 8, 26, 11.565038873])
('xrf', [3, 8, 29, 18.508278313])
('fw_s', [4, 15, 23, 18.0522238091])
('CfCf', [3, 6, 22, 23.11646091])
('`ngl', [3, 8, 40, 14.989721379])
('!g_m', [3, 8, 29, 12.1662020157])
('HbHb', [4, 10, 16, 17.1938422922])
('qb_y', [3, 5, 29, 11.473714421])
('wasy', [3, 7, 23, 12.2854911396])
('qWm_t', [4, 10, 38, 18.723298608])
('skr', [4, 11, 18, 9.91553612004])
('sw_T', [3, 6, 33, 12.4395079909])
('lw_y', [4, 12, 51, 10.7416895681])
('sk_f', [4, 16, 40, 18.282915127])
('rs_n', [4, 10, 19, 11.1741541391])
('lblb', [3, 8, 22, 14.8974447964])
('`TT', [3, 8, 45, 12.3427537431])
('gt!', [4, 15, 21, 13.9806785])
('xlm', [3, 7, 40, 14.1945429242])
('Cw_y', [4, 9, 36, 19.5207185705])
('dnqWr', [4, 7, 47, 13.9013213688])
('zlf', [3, 7, 26, 12.3156265651])
('mk_r', [4, 13, 12, 17.5193777528])
('dwb', [3, 11, 34, 18.0965542115])
('zlq', [4, 9, 21, 12.4058243741])
('gady', [3, 6, 10, 10.6488568708])
('whll', [3, 10, 50, 15.1016162713])
('lkf', [4, 11, 46, 12.3047812555])
('lflf', [4, 10, 22, 15.438160384])
('`l_w', [4, 8, 25, 11.9371149418])
('dldl', [4, 8, 32, 17.7642686168])
('mgW_s', [4, 11, 23, 18.3589130806])
('gWb!', [4, 9, 26, 12.3440791406])
('glbT', [4, 11, 33, 14.2718874124])
('brbr', [4, 9, 14, 14.3219073155])
('sgd', [4, 10, 22, 13.8280732788])
('qj_l', [3, 7, 50, 18.4100719255])
('`gs', [4, 10, 26, 13.7147225205])
('krkr', [3, 7, 43, 15.9447451187])
('nby', [3, 11, 38, 10.3177437203])
('mlml', [4, 9, 43, 12.5864002368])
('wnjl', [4, 7, 29, 29.2286496634])
('qny', [3, 6, 47, 11.2248497883])
('fntt', [3, 6, 31, 16.5382950443])
('hss', [3, 8, 41, 10.6622551006])
('zzm', [4, 7, 32, 13.0160662832])
('Hby', [4, 9, 16, 11.2717309596])
('rhw', [3, 10, 21, 19.0999558314])
('kwls', [3, 8, 46, 16.1858057648])
('qWSy', [3, 7, 18, 11.7597562741])
('gWzgWz', [3, 6, 12, 36.6052606859])
('srr', [4, 9, 19, 9.84788175987])
('gWbz', [3, 7, 11, 19.8485211484])
('srz', [4, 7, 29, 12.2171155695])
('HbT', [4, 8, 50, 12.2046167638])
('`zr', [3, 8, 15, 11.2746810151])
('kWm_r', [3, 6, 33, 18.9362811854])
('gard', [4, 11, 39, 14.4913682383])
('bjw', [3, 7, 58, 26.7666843416])
('tmS', [3, 10, 16, 13.7143126057])
('nsH', [4, 9, 16, 14.4490071014])
('fzz', [4, 7, 16, 19.4962194045])
('Smbl', [3, 6, 11, 16.2759744228])
('tsfw', [3, 11, 52, 18.9246202341])
('Tr_z', [4, 6, 38, 26.6749325416])
('drgWH', [4, 6, 13, 15.5764217074])
('dnq', [4, 12, 37, 12.433817312])
('!t_w', [3, 9, 33, 26.3928252832])
('hTr', [3, 8, 33, 18.1960349021])
('Ck_n', [4, 8, 16, 26.5789968928])
('sm`w', [3, 8, 60, 13.4130357795])
('qbr', [4, 13, 38, 11.3556409169])
('sd`', [3, 9, 41, 13.8724673981])
('wrwr', [4, 7, 33, 18.0627464548])
('xgr', [4, 10, 30, 18.9730364968])
('Hty', [4, 7, 28, 13.0119716858])
('Cr_H', [4, 8, 31, 18.4232170614])
('qsb', [4, 12, 41, 14.7140287503])
('dndn', [4, 8, 29, 14.2389156053])
('qTqT', [4, 12, 22, 12.7197232016])
('wT_y', [3, 10, 21, 16.3831445784])
('bhgy', [3, 10, 44, 19.9098057354])
('bCw', [3, 6, 33, 19.417971661])
('gf`', [4, 13, 31, 17.8500549957])
('kWll', [4, 12, 10, 10.2502728271])
('sl_`', [4, 6, 17, 11.924934818])
('kWlf', [3, 11, 25, 12.1978054072])
('sgW_g', [4, 10, 22, 20.781653558])
('grf', [4, 7, 10, 12.8308547046])
('ft_y', [3, 14, 15, 11.4619564501])
('grm', [3, 10, 52, 13.8706557126])
('rqq', [3, 6, 53, 12.8049203295])
('Tq_`', [4, 9, 19, 26.2235339571])
('Hfr', [4, 16, 31, 12.7755724065])
('`sl', [4, 10, 32, 12.2147961236])
('gb_r', [3, 9, 31, 11.4682846252])
('qWT_`', [4, 11, 29, 11.4967218683])
('flH', [3, 7, 18, 13.2060023926])
('masn', [3, 7, 23, 13.4257341103])
('msly', [3, 11, 9, 13.4502955336])
('gb_y', [3, 13, 34, 11.4682846252])
('`mWq', [3, 8, 31, 19.0433974478])
('Sgb', [4, 13, 33, 13.4587813085])
