('lly', (7, 12, 9, 1, 8, 36, 3, 7, 12))
('`d_m', (1, 17, 22, 13, 5, 4, 14, 21))
('`d_l', (17, 25, 1, 7, 13, 3, 31))
('sn_y', (8, 11, 7, 4, 39, 1, 9, 17))
('trgWm', (5, 9, 23, 5, 23, 5, 27))
('`d_g', (19, 20, 4, 6, 16, 8, 24))
('msgn', (1, 7, 44, 1, 2, 19, 4, 1, 16))
('fHr', (4, 18, 13, 18, 4, 9, 31))
('mwt', (8, 16, 6, 1, 6, 24, 10, 24))
('xk_m', (36, 9, 9, 9, 27, 9))
('wk_l', (11, 32, 2, 13, 6, 7, 26))
('hw_k', (3, 18, 25, 3, 12, 12, 25))
('nwH', (17, 50, 10, 3, 7, 10))
('zmt', (2, 14, 29, 5, 8, 2, 35))
('wS!', (2, 10, 26, 0, 9, 5, 13, 11, 20))
('Hqq', (10, 31, 15, 42))
('ngWd', (16, 25, 16, 8, 25, 8))
('wsd', (3, 12, 24, 0, 10, 4, 5, 7, 29))
('sr_t', (10, 5, 27, 8, 5, 2, 8, 32))
('wg_d', (14, 37, 3, 13, 6, 1, 22))
('trf', (2, 12, 17, 9, 8, 14, 14, 21))
('gWlbb', (10, 10, 35, 20, 5, 20))
('wg_z', (10, 10, 20, 10, 10, 40))
('!by', (4, 5, 23, 4, 1, 8, 26, 23))
('mSy', (1, 10, 30, 8, 6, 1, 20, 18, 2))
('nbr', (4, 10, 4, 0, 11, 10, 9, 27, 20))
('bakn', (19, 34, 3, 3, 7, 30))
('xt_t', (7, 53, 15, 7, 15))
('`l_m', (2, 22, 13, 13, 13, 5, 27))
('nbb', (3, 12, 30, 0, 12, 6, 3, 10, 20))
('Smd', (3, 7, 25, 13, 1, 13, 13, 19))
('kw_l', (6, 32, 27, 4, 4, 6, 16))
('Sw_r', (10, 35, 2, 12, 8, 4, 27))
('nbH', (7, 7, 7, 7, 7, 7, 35, 21))
('zrb', (4, 14, 22, 1, 8, 12, 8, 9, 17))
('Sw_`', (5, 15, 20, 14, 5, 8, 7, 21))
('lw_T', (2, 18, 26, 16, 3, 3, 6, 23))
('`r_y', (6, 12, 6, 12, 9, 6, 9, 39))
('lq_H', (9, 14, 12, 12, 19, 14, 2, 14))
('glS', (2, 16, 23, 0, 11, 3, 6, 10, 25))
('`ndr', (30, 5, 20, 10, 35))
('mS!', (3, 8, 20, 1, 8, 3, 19, 11, 23))
('drz', (5, 5, 35, 5, 23, 11, 11))
('kss', (16, 27, 8, 4, 7, 4, 31))
('nqnq', (15, 21, 5, 5, 26, 5, 21))
('tnfs', (4, 23, 23, 23, 23))
('wdq', (3, 9, 26, 1, 14, 2, 10, 12, 19))
('zr!', (1, 8, 22, 5, 6, 16, 5, 33))
('lmm', (31, 6, 6, 6, 12, 6, 6, 25))
('sgr', (1, 14, 22, 12, 3, 7, 11, 27))
('brr', (1, 42, 13, 4, 3, 5, 11, 17))
('mn_y', (5, 25, 33, 5, 8, 1, 7, 12))
('gnSl', (25, 10, 20, 15, 5, 25))
('Cflq', (11, 44, 11, 33))
('brh', (2, 11, 17, 4, 5, 37, 7, 12))
('Hg_z', (3, 11, 18, 0, 12, 6, 6, 7, 33))
('wl_`', (2, 13, 35, 5, 5, 2, 10, 24))
('Hs_w', (3, 3, 44, 20, 10, 6, 10))
('dnn', (6, 13, 36, 6, 10, 26))
('`Tq', (12, 19, 1, 3, 9, 19, 7, 27))
('msl', (4, 10, 36, 9, 3, 7, 6, 22))
('`w_t', (3, 18, 21, 13, 4, 8, 10, 20))
('Hw_s', (3, 25, 15, 8, 3, 2, 11, 28))
('qdd', (7, 30, 7, 23, 7, 23))
('Tw_y', (4, 4, 26, 13, 21, 21, 8))
('Hmxx', (15, 23, 15, 15, 15, 15))
('Hw_y', (23, 13, 33, 3, 3, 13, 10))
('flT', (3, 13, 25, 0, 7, 13, 5, 5, 25))
('nks', (22, 16, 12, 12, 6, 29))
('lHs', (35, 23, 5, 5, 17, 11))
('Sb_y', (4, 18, 25, 2, 9, 6, 3, 9, 18))
('fly', (3, 7, 31, 10, 5, 4, 7, 29))
('gnzb', (4, 20, 7, 14, 6, 4, 21, 20))
('`by', (2, 7, 30, 1, 9, 2, 6, 11, 29))
('Tf!', (3, 9, 27, 9, 4, 15, 9, 20))
('qdH', (20, 35, 10, 10, 25))
('lT_f', (15, 31, 5, 10, 5, 5, 26))
('Hlm', (2, 20, 24, 17, 4, 8, 22))
('Tm_t', (2, 12, 25, 3, 2, 15, 10, 6, 23))
('Hlf', (3, 12, 26, 0, 13, 2, 6, 11, 24))
('Hk_m', (2, 13, 18, 8, 2, 8, 16, 29))
('hnTy', (15, 31, 26, 5, 21))
('!sr', (0, 15, 5, 7, 21, 4, 8, 36))
('lg_b', (4, 12, 25, 16, 20, 12, 8))
('kyd', (3, 11, 6, 4, 12, 8, 7, 22, 23))
('wn_n', (22, 30, 11, 0, 3, 3, 27))
('wany', (27, 11, 38, 11, 5, 5))
('!ngd', (31, 25, 43))
('bkWr', (7, 42, 14, 7, 7, 21))
('kt_l', (2, 12, 6, 12, 21, 6, 9, 27))
('wd_!', (1, 12, 27, 0, 11, 17, 7, 5, 15))
('zm_r', (2, 23, 2, 2, 9, 6, 2, 27, 23))
('!ly', (4, 13, 8, 0, 11, 5, 1, 29, 25))
('b`l', (4, 26, 28, 2, 2, 14, 21))
('jm_r', (3, 12, 26, 1, 14, 4, 6, 11, 20))
('zk_r', (4, 16, 27, 16, 5, 2, 9, 17))
('mr`w', (12, 12, 20, 1, 8, 2, 8, 11, 22))
('gz!', (3, 12, 20, 16, 4, 14, 5, 22))
('!tw', (4, 13, 23, 10, 2, 7, 12, 25))
('bky', (6, 11, 29, 13, 9, 6, 6, 15))
('w`l', (3, 12, 30, 9, 3, 6, 8, 26))
('znb', (7, 35, 3, 10, 14, 28))
('xql', (11, 2, 31, 11, 5, 2, 17, 17))
('ghd', (2, 8, 41, 2, 2, 5, 11, 23))
('w`y', (30, 5, 50, 5, 10))
('tall', (5, 12, 20, 7, 35, 17))
('wf_y', (2, 6, 21, 5, 18, 1, 14, 29))
('dnagr', (2, 8, 10, 12, 25, 8, 8, 23))
('Hry', (4, 4, 34, 18, 14, 24))
('Slmt', (5, 5, 35, 5, 35, 11))
('l!k', (7, 27, 0, 7, 7, 4, 22, 23))
('kbb', (5, 7, 15, 12, 2, 12, 20, 23))
('Hrq', (2, 11, 34, 5, 8, 8, 28))
('zt_y', (3, 16, 28, 3, 11, 1, 5, 28))
('Hrr', (17, 8, 26, 4, 21, 4, 17))
('mrkWs', (18, 20, 16, 6, 2, 16, 20))
('kbr', (4, 12, 29, 14, 8, 2, 8, 20))
('Hrd', (2, 4, 4, 16, 21, 7, 42))
('`q_b', (15, 29, 3, 23, 5, 4, 18))
('gWd!', (3, 6, 43, 1, 6, 13, 26))
('dmss', (2, 8, 32, 2, 8, 5, 2, 8, 26))
('Tbq', (1, 8, 17, 15, 10, 17, 28))
('nTr', (6, 31, 18, 25, 18))
('`q_n', (12, 50, 31, 6))
('wrr', (10, 12, 22, 10, 2, 6, 18, 20))
('ws_k', (6, 8, 37, 7, 4, 5, 8, 20))
('nTb', (20, 50, 20, 10))
('ws_n', (2, 12, 30, 11, 4, 1, 9, 28))
('nfH', (16, 11, 33, 5, 11, 22))
('bt_n', (1, 7, 7, 8, 8, 1, 33, 31))
('nady', (6, 9, 31, 6, 6, 6, 3, 9, 21))
('lzb', (19, 19, 9, 28, 4, 19))
('Sl_y', (4, 16, 13, 10, 2, 13, 6, 19, 16))
('gWdl', (1, 5, 58, 6, 6, 3, 18))
('nfs', (2, 11, 11, 26, 20, 8, 2, 14))
('xf_n', (1, 6, 25, 16, 3, 6, 8, 32))
('zwr', (6, 12, 23, 18, 1, 3, 12, 20))
('nS_r', (2, 9, 36, 9, 2, 4, 14, 20))
('mxmx', (58, 16, 8, 8, 8))
('k!l', (4, 12, 28, 9, 5, 6, 8, 23))
('ftH', (2, 14, 10, 0, 14, 6, 9, 22, 20))
('gff', (3, 17, 31, 3, 6, 3, 34))
('lm_n', (6, 14, 6, 13, 25, 5, 8, 20))
('ftw', (4, 12, 22, 15, 4, 6, 8, 24))
('wT_H', (12, 31, 37, 12, 6))
('smr', (3, 10, 39, 6, 3, 13, 6, 18))
('zntw', (2, 7, 29, 9, 19, 9, 21))
('gfH', (4, 21, 26, 4, 4, 8, 30))
('wT_T', (18, 22, 3, 14, 14, 25))
('bl`', (4, 12, 25, 9, 3, 10, 6, 26))
('sm`', (3, 13, 27, 10, 6, 13, 7, 18))
('sbr', (25, 20, 3, 11, 3, 35))
('mmy', (7, 9, 29, 15, 1, 5, 18, 12))
('gTm', (0, 9, 34, 0, 5, 1, 10, 7, 30))
('Tlb', (14, 22, 5, 13, 5, 5, 32))
('`z_b', (1, 20, 26, 20, 2, 4, 6, 18))
('sbk', (9, 27, 15, 9, 6, 6, 27))
('lmd', (4, 15, 20, 20, 2, 2, 9, 24))
('Tll', (10, 10, 60, 10, 10))
('wg!', (5, 6, 16, 10, 6, 18, 11, 25))
('Sg_n', (13, 26, 16, 3, 3, 36))
('Sg_m', (2, 11, 50, 8, 2, 5, 6, 13))
('Sg_b', (3, 24, 18, 15, 9, 30))
('Sg_`', (5, 12, 15, 7, 23, 5, 15, 15))
('sTH', (11, 35, 29, 17, 5))
('SHf', (2, 19, 28, 0, 7, 8, 4, 5, 22))
('wld', (6, 10, 22, 13, 2, 5, 12, 25))
('kft', (1, 14, 29, 8, 3, 6, 12, 22))
('nk_y', (7, 53, 11, 7, 11, 7))
('wqs', (15, 34, 2, 7, 5, 15, 18))
('wnCf', (24, 17, 6, 6, 27, 3, 13))
('kfl', (3, 10, 26, 0, 14, 6, 5, 7, 26))
('Sl!', (1, 14, 34, 13, 3, 8, 7, 17))
('`nw', (2, 33, 19, 9, 35))
('wq`', (4, 10, 30, 14, 12, 12, 18))
('b!s', (1, 6, 33, 4, 4, 3, 11, 33))
('rHq', (3, 17, 22, 16, 3, 1, 9, 26))
('dfr', (5, 11, 34, 12, 7, 2, 25))
('n|qTqT', (9, 9, 27, 27, 9, 18))
('mr_q', (14, 30, 2, 4, 9, 7, 30))
('qnTT', (4, 19, 38, 4, 4, 9, 19))
('Tnqq', (7, 14, 7, 23, 9, 4, 17, 14))
('fTr', (0, 16, 30, 0, 2, 8, 6, 7, 26))
('Hdr', (4, 9, 32, 8, 4, 10, 7, 21))
('s!l', (13, 24, 1, 3, 10, 3, 17, 25))
('Slw', (2, 5, 37, 7, 1, 1, 6, 37))
('Hdg', (3, 18, 3, 10, 21, 5, 14, 22))
('qll', (12, 54, 3, 6, 6, 16))
('S`n', (27, 5, 5, 18, 5, 27, 10))
('HkWr', (26, 26, 6, 13, 6, 20))
('ql`', (1, 12, 33, 4, 1, 15, 10, 22))
('gyx', (7, 14, 20, 3, 9, 12, 11, 20))
('stf', (0, 9, 7, 1, 9, 18, 15, 7, 30))
('Hb_r', (2, 11, 23, 0, 7, 15, 10, 4, 22))
('dany', (11, 5, 52, 17, 5, 5))
('rgWd', (6, 6, 6, 13, 33, 33))
('Hd_s', (10, 37, 27, 8, 16))
('msrt', (1, 12, 22, 11, 2, 12, 12, 25))
('df!', (4, 9, 22, 6, 2, 18, 14, 22))
('sty', (5, 13, 24, 12, 5, 5, 8, 25))
('lbs', (11, 30, 1, 5, 6, 11, 6, 26))
('Tq`', (2, 3, 26, 6, 8, 10, 12, 30))
('bhl', (5, 11, 21, 1, 13, 7, 6, 9, 22))
('lbw', (20, 31, 2, 8, 14, 14, 8))
('Tqm', (2, 14, 25, 1, 14, 4, 6, 6, 25))
('nqf', (25, 3, 8, 7, 7, 33, 14))
('Tqs', (2, 17, 32, 13, 3, 5, 6, 18))
('nql', (6, 10, 32, 4, 4, 6, 16, 22))
('nqS', (13, 13, 40, 13, 20))
('db_s', (31, 15, 15, 5, 10, 15, 5))
('wlwl', (5, 42, 26, 10, 5, 10))
('Trnf', (1, 9, 21, 9, 4, 10, 9, 33))
('fxl', (11, 2, 14, 5, 20, 44))
('blaxw', (9, 36, 9, 12, 12, 21))
('sHq', (3, 8, 26, 3, 17, 10, 1, 26))
('ndd', (9, 12, 37, 3, 9, 9, 18))
('sHt', (3, 13, 4, 11, 34, 4, 8, 20))
('mz_z', (3, 17, 17, 13, 17, 3, 27))
('sfy', (11, 27, 27, 22, 11))
('dbdb', (18, 25, 12, 18, 18, 6))
('mrS', (5, 12, 25, 14, 5, 4, 10, 23))
('n|saff', (7, 21, 35, 7, 28))
('sHb', (5, 15, 30, 5, 1, 7, 11, 22))
('mrH', (3, 11, 28, 0, 8, 2, 16, 7, 22))
('HgW_s', (4, 12, 20, 12, 5, 8, 9, 25))
('sff', (17, 13, 8, 43, 4, 4, 8))
('qals', (5, 19, 13, 13, 11, 5, 4, 27))
('sHl', (10, 20, 10, 20, 40))
('gWyy', (7, 11, 21, 5, 6, 6, 9, 31))
('n|qsaqs', (4, 9, 22, 4, 2, 12, 11, 32))
('`gt', (11, 34, 1, 11, 7, 1, 30))
('rhS', (4, 40, 8, 12, 12, 24))
('ml_s', (5, 17, 21, 10, 8, 5, 12, 16))
('qS_l', (4, 14, 26, 10, 4, 7, 6, 25))
('sfH', (7, 43, 12, 7, 12, 15))
('badm', (16, 25, 16, 16, 25))
('dn_q', (3, 17, 32, 7, 3, 10, 25))
('HSb', (2, 14, 20, 10, 6, 2, 14, 29))
('tkl', (0, 14, 12, 2, 8, 18, 8, 12, 23))
('tkk', (5, 11, 23, 5, 5, 23, 23))
('HSr', (10, 37, 5, 19, 7, 19))
('`rf', (1, 8, 29, 1, 10, 4, 8, 15, 20))
('n|Sbarq', (5, 40, 3, 12, 5, 33))
('HSy', (4, 21, 13, 4, 13, 4, 39))
('mrmr', (3, 18, 23, 20, 3, 5, 6, 18))
('ngf', (3, 10, 35, 14, 17, 17))
('mg_b', (5, 18, 5, 6, 16, 1, 7, 18, 19))
('HqWf', (4, 9, 25, 9, 22, 7, 20))
('HqWn', (23, 23, 23, 5, 5, 17))
('hrm', (1, 9, 22, 7, 19, 13, 26))
('`yy', (13, 10, 6, 19, 11, 5, 17, 16))
('ngr', (7, 16, 20, 0, 6, 8, 11, 6, 22))
('S`r', (3, 18, 22, 13, 3, 4, 8, 25))
('dw_l', (10, 21, 8, 1, 4, 10, 5, 9, 28))
('!ry', (4, 20, 20, 8, 4, 8, 12, 24))
('wHT', (3, 13, 22, 10, 5, 3, 18, 23))
('bSH', (2, 6, 29, 0, 13, 4, 13, 7, 22))
('Hrs', (8, 11, 31, 6, 1, 6, 6, 27))
('!rg', (13, 8, 4, 17, 21, 13, 21))
('tb`', (2, 7, 33, 10, 4, 6, 12, 25))
('snTq', (4, 12, 20, 16, 8, 4, 16, 16))
('Snqq', (6, 56, 12, 25))
('rqWH', (3, 10, 35, 7, 10, 7, 25))
('tkW_s', (8, 27, 16, 5, 13, 8, 21))
('fqd', (1, 7, 52, 10, 3, 1, 8, 14))
('dq_s', (5, 15, 29, 12, 3, 4, 9, 19))
('THn', (4, 14, 23, 4, 9, 19, 23))
('THl', (17, 24, 9, 19, 9, 19))
('gbr', (5, 13, 25, 0, 10, 6, 5, 7, 25))
('wHs', (7, 33, 5, 11, 13, 3, 24))
('fqr', (5, 9, 5, 11, 27, 3, 11, 25))
('wHz', (2, 2, 36, 2, 8, 47))
('Tmr', (2, 20, 25, 12, 2, 12, 23))
('gW`z', (2, 19, 12, 16, 5, 9, 10, 24))
('qlql', (8, 26, 6, 6, 15, 8, 26))
('ft_n', (6, 15, 7, 10, 22, 1, 7, 29))
('gWasy', (16, 8, 16, 8, 8, 41))
('bar`', (18, 9, 36, 9, 9, 18))
('zrgH', (13, 27, 4, 13, 12, 9, 20))
('!g_d', (4, 4, 28, 4, 9, 14, 33))
('qtl', (2, 8, 20, 15, 4, 3, 6, 37))
('Hsb', (5, 13, 25, 2, 15, 5, 4, 7, 19))
('qS`', (13, 35, 4, 11, 11, 24))
('dlw', (3, 12, 24, 8, 4, 4, 20, 22))
('dly', (4, 6, 31, 0, 9, 11, 7, 1, 26))
('Srf', (1, 28, 24, 7, 10, 5, 5, 17))
('saqy', (2, 1, 21, 2, 8, 2, 9, 51))
('nzH', (23, 23, 52))
('wrd', (1, 12, 2, 10, 33, 7, 10, 22))
('Srr', (16, 23, 33, 6, 3, 3, 3, 10))
('kW`t', (7, 15, 21, 7, 10, 36))
('Sry', (3, 22, 28, 7, 6, 1, 15, 15))
('r!y', (3, 3, 17, 1, 9, 7, 6, 14, 35))
('s`s`', (24, 12, 4, 8, 16, 36))
('kt`', (5, 21, 47, 10, 15))
('qWrS', (2, 12, 32, 7, 3, 5, 17, 18))
('zbT', (21, 31, 10, 5, 15, 15))
('dkm', (12, 30, 4, 12, 12, 3, 23))
('!mn', (4, 14, 33, 0, 12, 4, 1, 6, 21))
('tmny', (4, 47, 14, 4, 4, 23))
('frH', (4, 15, 29, 9, 1, 13, 6, 20))
('n`q', (17, 4, 13, 4, 26, 34))
('kwn', (7, 8, 7, 14, 24, 4, 12, 20))
('mHSn', (18, 32, 5, 18, 2, 21))
('zng`', (6, 11, 7, 16, 28, 7, 23))
('dg_f', (1, 13, 19, 13, 2, 7, 7, 34))
('slky', (5, 11, 11, 11, 33, 5, 22))
('ml!', (2, 13, 23, 7, 5, 11, 15, 20))
('s|tnfs', (9, 28, 4, 4, 9, 14, 28))
('Sdq', (9, 39, 3, 9, 9, 30))
('frd', (1, 19, 29, 7, 5, 2, 10, 24))
('kzn', (6, 31, 12, 12, 37))
('frh', (3, 21, 28, 7, 5, 10, 7, 16))
('mark', (3, 16, 23, 6, 3, 46))
('frs', (11, 43, 3, 3, 1, 9, 26))
('m|brkk', (7, 23, 3, 19, 3, 3, 3, 34))
('bqWl', (2, 5, 40, 14, 2, 34))
('marr', (4, 4, 29, 4, 16, 4, 37))
('fry', (4, 10, 34, 0, 4, 2, 5, 8, 28))
('tHz', (4, 12, 22, 2, 8, 8, 7, 12, 22))
('dy_b', (6, 26, 23, 7, 7, 1, 7, 20))
('tHt', (5, 14, 20, 1, 1, 7, 1, 29, 18))
('qsm', (11, 23, 35, 14, 14))
('gWhy', (2, 36, 18, 5, 5, 31))
('lgs', (3, 11, 6, 6, 34, 4, 11, 22))
('dm_r', (5, 29, 5, 5, 5, 5, 5, 35))
('snbt', (13, 4, 8, 17, 8, 21, 26))
('mlk', (3, 7, 30, 1, 18, 4, 3, 15, 14))
('mls', (4, 14, 21, 0, 9, 5, 7, 14, 22))
('gr_h', (14, 21, 28, 14, 21))
('snbd', (5, 9, 28, 7, 5, 9, 13, 19))
('gr_m', (2, 6, 36, 1, 9, 2, 6, 19, 15))
('hdn', (14, 21, 6, 8, 4, 44))
('hdm', (2, 18, 17, 12, 6, 6, 5, 30))
('gnn', (22, 38, 27, 5, 5))
('qm_T', (5, 12, 21, 3, 6, 6, 5, 10, 27))
('Swt', (2, 14, 19, 3, 6, 2, 9, 13, 28))
('kWskWs', (9, 16, 16, 2, 14, 40))
('qy_m', (11, 22, 16, 11, 11, 11, 16))
('mql', (13, 19, 1, 13, 15, 8, 27))
('SqT', (2, 14, 24, 10, 4, 18, 26))
('kWr_y', (9, 9, 27, 36, 18))
('qy_r', (4, 8, 9, 15, 24, 3, 12, 22))
('k`w', (25, 33, 16, 8, 16))
('dmdm', (9, 42, 33, 9, 4))
('T`s', (5, 8, 34, 8, 11, 5, 25))
('n!s', (19, 34, 1, 1, 9, 7, 25))
('glgl', (1, 6, 27, 10, 0, 8, 12, 31))
('lqq', (2, 10, 19, 8, 4, 8, 8, 38))
('T`y', (17, 58, 11, 5, 5))
('knakn', (13, 20, 3, 10, 3, 6, 41))
('T`m', (3, 6, 62, 8, 5, 13))
('mHl', (11, 8, 2, 30, 5, 11, 30))
('fk_r', (8, 33, 16, 16, 25))
('dgm', (3, 15, 5, 11, 23, 3, 13, 24))
('naby', (8, 10, 43, 8, 4, 4, 4, 8, 8))
('tnkf', (1, 5, 12, 12, 26, 7, 14, 19))
('mHw', (13, 33, 20, 6, 6, 20))
('mzn', (2, 22, 27, 1, 15, 3, 6, 3, 21))
('mHr', (7, 7, 51, 7, 4, 4, 17))
('dr_k', (8, 36, 8, 4, 8, 36))
('gd_d', (0, 9, 31, 9, 2, 7, 9, 29))
('Sn`', (4, 8, 29, 9, 8, 7, 10, 21))
('mkk', (6, 12, 43, 6, 6, 25))
('dr_b', (23, 14, 16, 1, 9, 5, 3, 10, 14))
('mHdr', (1, 8, 32, 8, 5, 12, 6, 24))
('gd_s', (3, 10, 44, 8, 3, 3, 4, 20))
('dngS', (5, 24, 5, 5, 16, 2, 40))
('drf', (2, 12, 24, 1, 13, 2, 7, 10, 25))
('rgS', (2, 15, 29, 0, 12, 2, 5, 9, 22))
('sw_r', (2, 6, 4, 8, 14, 6, 4, 39, 14))
('md_b', (1, 16, 8, 13, 12, 9, 23, 12))
('gdf', (7, 19, 6, 12, 9, 4, 17, 22))
('qlTf', (6, 18, 30, 9, 9, 9, 16))
('rgf', (10, 39, 42, 3, 3))
('qb!', (23, 11, 5, 5, 23, 29))
('hbtm', (28, 19, 23, 4, 4, 19))
('fS_m', (5, 9, 28, 14, 3, 3, 6, 28))
('sk_m', (2, 12, 32, 12, 1, 3, 8, 26))
('!k_b', (1, 9, 21, 14, 4, 5, 11, 31))
('rs_`', (6, 15, 30, 16, 8, 4, 4, 13))
('str', (7, 15, 38, 23, 7, 7))
('rgm', (3, 15, 19, 19, 3, 11, 15, 11))
('dHn', (2, 10, 38, 11, 5, 1, 7, 22))
('qwm', (2, 13, 17, 2, 6, 2, 10, 11, 31))
('Cn_q', (6, 13, 28, 10, 6, 3, 6, 25))
('s`m', (3, 3, 29, 3, 11, 3, 18, 25))
('`nqS', (17, 35, 5, 5, 11, 23))
('Tr`', (13, 20, 6, 20, 6, 33))
('s`b', (0, 7, 33, 10, 2, 9, 7, 28))
('Try', (3, 15, 31, 7, 3, 3, 8, 26))
('s`r', (3, 17, 3, 10, 18, 6, 20, 20))
('dHr', (9, 33, 9, 14, 9, 4, 19))
('SbSb', (19, 25, 5, 19, 2, 2, 25))
('brabr', (17, 30, 7, 12, 17, 2, 12))
('zll', (1, 11, 49, 1, 10, 2, 1, 7, 14))
('`nqf', (18, 35, 5, 8, 2, 29))
('mhz', (2, 14, 19, 7, 7, 2, 14, 31))
('gm_t', (1, 16, 33, 11, 2, 1, 15, 18))
('kWn_n', (2, 10, 44, 10, 4, 4, 8, 18))
('mhr', (5, 12, 15, 0, 13, 8, 4, 8, 31))
('kdn', (3, 6, 24, 6, 8, 3, 6, 16, 24))
('rkb', (3, 12, 22, 0, 12, 6, 7, 9, 24))
('qd_m', (4, 14, 20, 15, 6, 4, 13, 21))
('dhss', (7, 24, 17, 7, 4, 39))
('`ll', (4, 10, 4, 11, 29, 2, 14, 22))
('Hb!', (6, 8, 28, 19, 3, 8, 8, 15))
('qWsl', (3, 21, 3, 3, 3, 64))
('`bll', (18, 39, 5, 13, 7, 15))
('qb_l', (4, 16, 18, 0, 12, 7, 4, 12, 25))
('dngWy', (12, 10, 12, 18, 4, 10, 32))
('whb', (3, 11, 26, 0, 8, 6, 8, 12, 21))
('Hkk', (15, 50, 23, 7, 3))
('rd_!', (4, 12, 22, 0, 16, 9, 9, 7, 16))
('nfr', (6, 12, 31, 6, 6, 12, 25))
('qn_y', (17, 5, 20, 5, 5, 10, 5, 22, 10))
('!w_j', (2, 16, 18, 12, 8, 8, 20, 16))
('zzw', (23, 46, 7, 7, 7, 7))
('srH', (2, 12, 22, 1, 2, 10, 5, 18, 24))
('mlkt', (2, 12, 40, 1, 5, 13, 5, 2, 16))
('srS', (9, 50, 6, 34))
('qn`', (4, 26, 4, 9, 14, 11, 28))
('rx_n', (12, 20, 62, 4))
('hl_w', (1, 9, 46, 6, 2, 6, 5, 22))
('gWbT', (6, 18, 6, 21, 18, 30))
('Hbr', (1, 12, 6, 11, 22, 5, 14, 25))
('bsl', (11, 29, 3, 11, 7, 14, 22))
('sr`', (16, 26, 1, 11, 10, 13, 22))
('kry', (2, 11, 32, 9, 4, 9, 2, 13, 13))
('qWSr', (1, 11, 18, 0, 13, 4, 8, 10, 32))
('m`bl', (10, 31, 6, 9, 9, 32))
('mTT', (16, 50, 16, 16))
('ndf', (12, 18, 6, 6, 18, 6, 31))
('srq', (10, 25, 4, 21, 6, 4, 27))
('qrb', (3, 11, 5, 0, 10, 25, 8, 9, 24))
('l`l', (1, 12, 26, 10, 6, 2, 12, 27))
('g`z', (2, 10, 30, 5, 2, 7, 41))
('tk_!', (8, 8, 24, 11, 13, 6, 26))
('g`r', (15, 15, 3, 19, 3, 42))
('lagS', (6, 12, 12, 6, 6, 56))
('n|TlTl', (4, 8, 17, 17, 8, 43))
('mskr', (1, 16, 4, 1, 12, 26, 13, 27))
('gl_l', (5, 10, 31, 21, 31))
('zHl', (8, 4, 64, 8, 16))
('`lb', (3, 32, 10, 28, 10, 14))
('xyT', (1, 11, 23, 9, 5, 8, 11, 29))
('klkl', (0, 15, 23, 14, 3, 5, 9, 26))
('qrS', (17, 24, 2, 17, 7, 31))
('mkr', (1, 16, 22, 13, 5, 4, 8, 29))
('tsfy', (8, 25, 41, 16, 8))
('!z_z', (12, 2, 8, 7, 4, 32, 31))
('gWn_S', (9, 27, 45, 9, 9))
('hd!', (4, 16, 40, 12, 4, 8, 16))
('TrTr', (3, 12, 27, 14, 2, 4, 17, 19))
('tns!', (2, 17, 26, 12, 7, 7, 7, 19))
('sdd', (3, 14, 19, 11, 8, 4, 10, 28))
('fn_w', (1, 11, 2, 1, 17, 8, 32, 23))
('dmS', (11, 17, 8, 11, 8, 14, 26))
('qany', (5, 11, 16, 11, 16, 5, 11, 22))
('Htm', (9, 28, 1, 20, 9, 30))
('`Sw', (2, 8, 18, 15, 5, 11, 17, 20))
('nSg', (2, 7, 2, 11, 11, 2, 14, 44))
('dmq', (4, 13, 43, 4, 8, 13, 13))
('Htt', (4, 13, 27, 0, 12, 5, 4, 10, 21))
('brkt', (7, 26, 2, 5, 4, 5, 13, 35))
('fdy', (12, 35, 7, 7, 7, 30))
('dmy', (5, 15, 35, 5, 10, 7, 10, 12))
('`Sf', (24, 24, 2, 10, 5, 10, 21))
('`Sd', (5, 25, 50, 20))
('Cnw', (8, 41, 8, 16, 8, 16))
('SnH', (3, 7, 23, 8, 3, 19, 12, 22))
('sgW_m', (2, 11, 34, 1, 17, 1, 7, 10, 13))
('fkWs', (9, 54, 9, 4, 4, 18))
('hq_n', (21, 24, 9, 6, 6, 3, 30))
('sl_m', (2, 13, 20, 11, 11, 13, 6, 20))
('gb_!', (3, 3, 63, 1, 27, 2))
('rbrb', (4, 18, 4, 13, 22, 4, 31))
('myT', (10, 16, 10, 12, 10, 2, 10, 27))
('!kl', (1, 6, 44, 3, 20, 5, 17))
('!lm', (4, 28, 4, 14, 47))
('Hfs', (1, 19, 35, 10, 1, 3, 8, 19))
('hnS', (0, 14, 23, 16, 2, 10, 7, 25))
('sql', (18, 20, 2, 10, 14, 6, 30))
('qWT_b', (1, 14, 9, 16, 18, 1, 5, 31))
('sndw', (26, 8, 4, 8, 43, 8))
('fss', (18, 34, 8, 2, 5, 30))
('masy', (22, 5, 27, 27, 5, 11))
