('lly', (5, 10, 4, 1, 6, 41, 6, 2, 9, 10))
('`d_m', (1, 15, 5, 4, 3, 35, 12, 2, 18))
('`d_l', (12, 0, 1, 48, 9, 23, 2))
('sn_y', (5, 16, 1, 4, 42, 5, 22, 1))
('trgWm', (6, 10, 10, 34, 2, 6, 30))
('`d_g', (7, 5, 7, 19, 7, 1, 19, 29))
('msgn', (16, 17, 1, 2, 5, 32, 4, 1, 16))
('fHr', (4, 16, 4, 12, 29, 4, 29))
('mwt', (5, 6, 5, 1, 4, 30, 9, 11, 25))
('xk_m', (28, 7, 35, 21, 7))
('wk_l', (13, 2, 2, 4, 37, 7, 1, 30))
('hw_k', (3, 6, 6, 3, 31, 13, 6, 27))
('nwH', (3, 6, 6, 65, 6, 10))
('zmt', (2, 5, 8, 5, 37, 2, 34, 2))
('wS!', (2, 11, 2, 0, 5, 27, 11, 8, 22, 8))
('Hqq', (35, 17, 47))
('ngWd', (16, 25, 16, 8, 25, 8))
('wsd', (3, 4, 5, 0, 9, 31, 4, 2, 7, 28))
('sr_t', (5, 1, 3, 5, 50, 3, 5, 23))
('wg_d', (13, 9, 3, 15, 19, 7, 1, 27))
('trf', (1, 6, 3, 4, 48, 2, 7, 10, 15))
('gWlbb', (7, 7, 42, 26, 15))
('wg_z', (7, 28, 42, 7, 14))
('!by', (4, 5, 1, 4, 37, 23, 5, 16, 1))
('mSy', (1, 5, 1, 8, 3, 38, 19, 20, 1, 0))
('nbr', (3, 8, 3, 0, 4, 38, 8, 4, 23, 6))
('bakn', (17, 7, 35, 3, 7, 28))
('xt_t', (9, 9, 9, 45, 9, 18))
('`l_m', (11, 2, 13, 30, 13, 27))
('nbb', (3, 12, 6, 0, 7, 20, 16, 1, 10, 20))
('Smd', (4, 9, 4, 9, 23, 16, 7, 23))
('kw_l', (2, 15, 2, 48, 5, 7, 17))
('Sw_r', (14, 2, 2, 31, 9, 4, 31, 2))
('nbH', (5, 5, 47, 5, 5, 29))
('zrb', (4, 15, 5, 1, 7, 4, 29, 8, 6, 18))
('Sw_`', (5, 17, 5, 2, 8, 22, 8, 4, 24))
('lw_T', (22, 2, 7, 28, 7, 0, 28, 1))
('`r_y', (7, 15, 3, 11, 38, 7, 3, 11))
('lq_H', (9, 9, 6, 15, 27, 6, 6, 3, 18))
('glS', (2, 11, 7, 0, 5, 31, 3, 4, 9, 24))
('`ndr', (11, 5, 29, 11, 41))
('mS!', (3, 8, 7, 5, 28, 2, 9, 11, 23))
('drz', (5, 5, 5, 50, 22, 11))
('kss', (5, 4, 8, 34, 7, 3, 4, 31))
('nqnq', (4, 4, 4, 52, 20, 16))
('tnfs', (5, 26, 15, 26, 26))
('wdq', (3, 9, 2, 1, 3, 34, 6, 5, 12, 19))
('zr!', (1, 6, 3, 1, 36, 6, 5, 5, 33))
('lmm', (29, 5, 5, 5, 23, 11, 5, 5, 5))
('sgr', (0, 14, 3, 5, 29, 11, 3, 27, 3))
('brr', (1, 44, 4, 0, 15, 3, 1, 9, 18))
('mn_y', (3, 27, 14, 4, 26, 1, 7, 14))
('gnSl', (16, 11, 22, 27, 16, 5))
('Cflq', (6, 6, 62, 6, 18))
('brh', (3, 6, 3, 5, 33, 6, 20, 14, 5))
('Hg_z', (3, 10, 5, 0, 4, 32, 7, 2, 32, 1))
('wl_`', (2, 5, 10, 5, 39, 10, 2, 23))
('Hs_w', (4, 4, 18, 13, 22, 13, 9, 13))
('dnn', (6, 6, 6, 3, 41, 6, 27))
('`Tq', (11, 2, 1, 5, 27, 18, 4, 26, 1))
('msl', (3, 4, 2, 8, 47, 5, 1, 21, 3))
('`w_t', (2, 14, 3, 6, 33, 11, 1, 21, 3))
('Hw_s', (2, 10, 1, 7, 43, 9, 23, 1))
('qdd', (6, 6, 50, 18, 18))
('Tw_y', (5, 17, 5, 23, 17, 29))
('Hmxx', (7, 15, 15, 30, 15, 15))
('Hw_y', (12, 12, 6, 3, 43, 12, 9))
('flT', (3, 14, 7, 0, 7, 5, 24, 5, 3, 26))
('nks', (5, 7, 10, 45, 10, 22))
('lHs', (21, 7, 7, 42, 7, 14))
('Sb_y', (4, 7, 9, 2, 20, 16, 4, 2, 10, 22))
('fly', (2, 7, 2, 13, 35, 2, 2, 7, 26))
('gnzb', (3, 19, 6, 10, 23, 8, 1, 6, 20))
('`by', (2, 5, 5, 1, 9, 31, 1, 2, 9, 29))
('Tf!', (3, 4, 5, 9, 36, 2, 7, 9, 20))
('qdH', (13, 13, 34, 8, 8, 21))
('lT_f', (10, 5, 10, 36, 5, 26, 5))
('Hlm', (2, 21, 4, 4, 26, 4, 9, 24))
('Tm_t', (1, 13, 1, 3, 5, 24, 8, 3, 11, 26))
('Hlf', (2, 12, 6, 0, 4, 33, 2, 3, 10, 23))
('Hk_m', (3, 6, 3, 9, 21, 3, 3, 18, 33))
('hnTy', (14, 14, 14, 21, 35))
('!sr', (7, 3, 8, 34, 7, 1, 34, 2))
('lg_b', (3, 10, 3, 13, 44, 17, 6))
('kyd', (3, 4, 5, 3, 11, 31, 7, 3, 8, 21))
('wn_n', (14, 1, 8, 23, 4, 2, 5, 39))
('wany', (7, 14, 42, 14, 7, 7, 7))
('!ngd', (5, 36, 21, 36))
('bkWr', (7, 7, 15, 30, 15, 23))
('kt_l', (1, 12, 4, 4, 29, 3, 4, 9, 28))
('wd_!', (1, 11, 10, 5, 7, 37, 6, 4, 14))
('zm_r', (2, 19, 2, 2, 2, 26, 7, 2, 29, 4))
('!ly', (2, 13, 7, 0, 11, 25, 6, 27, 4))
('b`l', (2, 26, 2, 2, 33, 11, 21))
('jm_r', (2, 11, 7, 0, 6, 33, 4, 2, 11, 19))
('zk_r', (4, 5, 7, 14, 32, 6, 0, 10, 18))
('mr`w', (13, 4, 3, 1, 10, 21, 1, 1, 13, 27))
('gz!', (2, 20, 7, 6, 13, 5, 9, 7, 27))
('!tw', (4, 10, 1, 4, 34, 2, 4, 12, 25))
('bky', (8, 5, 8, 11, 38, 8, 2, 14))
('w`l', (3, 9, 3, 5, 29, 8, 2, 26, 9))
('znb', (2, 2, 5, 50, 8, 8, 22))
('xql', (7, 2, 2, 2, 51, 2, 15, 15))
('ghd', (1, 1, 3, 1, 70, 5, 14))
('w`y', (33, 5, 27, 22, 11))
('tall', (4, 10, 16, 4, 45, 4, 14))
('wf_y', (1, 6, 5, 8, 6, 24, 15, 31))
('dnagr', (2, 8, 10, 2, 43, 8, 23))
('Hry', (2, 2, 22, 36, 19, 16))
('Slmt', (3, 3, 69, 18, 6))
('l!k', (5, 4, 0, 49, 4, 1, 16, 17))
('kbb', (4, 7, 2, 7, 30, 19, 4, 21, 2))
('Hrq', (3, 6, 9, 39, 9, 3, 30))
('zt_y', (1, 5, 6, 18, 24, 3, 1, 37))
('Hrr', (13, 6, 48, 17, 13))
('mrkWs', (17, 6, 4, 33, 15, 22))
('kbr', (2, 4, 8, 14, 33, 8, 7, 20))
('Hrd', (2, 16, 4, 2, 16, 7, 42, 7))
('`q_b', (26, 2, 3, 8, 26, 6, 2, 21))
('gWd!', (4, 2, 2, 38, 8, 8, 36))
('dmss', (8, 5, 2, 2, 45, 5, 25, 2))
('Tbq', (1, 14, 3, 4, 29, 9, 9, 26))
('nTr', (5, 11, 5, 35, 23, 17))
('`q_n', (16, 41, 33, 8))
('wrr', (10, 2, 2, 10, 36, 18, 20))
('ws_k', (6, 3, 3, 7, 46, 3, 2, 8, 19))
('nTb', (7, 15, 53, 15, 7))
('ws_n', (1, 4, 3, 7, 44, 8, 0, 24, 5))
('nfH', (9, 4, 36, 27, 4, 18))
('bt_n', (1, 3, 4, 4, 47, 7, 30))
('nady', (15, 5, 10, 10, 30, 5, 25))
('lzb', (25, 12, 18, 12, 6, 25))
('Sl_y', (2, 19, 6, 12, 1, 10, 11, 6, 24, 3))
('gWdl', (0, 3, 1, 4, 73, 4, 0, 11))
('nfs', (2, 23, 7, 7, 38, 2, 12, 5))
('xf_n', (1, 3, 2, 6, 36, 9, 5, 33, 1))
('zwr', (7, 12, 6, 4, 31, 13, 24))
('nS_r', (1, 6, 4, 3, 53, 1, 0, 10, 14))
('mxmx', (9, 18, 54, 9, 9))
('k!l', (2, 10, 4, 3, 41, 7, 1, 19, 8))
('ftH', (0, 14, 7, 4, 34, 6, 6, 22, 2))
('gff', (6, 3, 3, 41, 6, 3, 34))
('lm_n', (7, 13, 5, 4, 25, 8, 2, 22, 10))
('ftw', (4, 16, 5, 2, 27, 5, 4, 8, 26))
('wT_H', (14, 7, 28, 7, 42))
('smr', (2, 8, 7, 2, 56, 2, 2, 4, 14))
('zntw', (2, 10, 5, 2, 28, 20, 7, 23))
('gfH', (15, 7, 3, 42, 3, 26))
('wT_T', (13, 6, 3, 6, 33, 13, 23))
('bl`', (5, 11, 6, 6, 23, 4, 4, 7, 31))
('sm`', (3, 16, 10, 4, 23, 3, 8, 7, 22))
('sbr', (7, 2, 2, 50, 8, 27))
('mmy', (6, 5, 16, 15, 21, 1, 5, 16, 10))
('gTm', (0, 4, 1, 0, 2, 55, 0, 2, 6, 26))
('Tlb', (16, 6, 3, 26, 6, 3, 36, 1))
('`z_b', (22, 16, 2, 10, 19, 7, 2, 19))
('sbk', (16, 10, 6, 33, 3, 30))
('lmd', (4, 14, 6, 7, 35, 1, 8, 21))
('Tll', (14, 14, 42, 14, 14))
('wg!', (5, 3, 3, 10, 30, 12, 7, 26))
('Sg_n', (13, 3, 37, 3, 3, 37))
('Sg_m', (2, 11, 6, 1, 3, 56, 4, 13))
('Sg_b', (15, 10, 2, 30, 12, 2, 25))
('Sg_`', (2, 8, 5, 8, 33, 16, 16, 8))
('sTH', (4, 4, 54, 13, 22))
('SHf', (1, 8, 10, 0, 7, 32, 6, 1, 6, 23))
('wld', (6, 10, 7, 7, 28, 2, 0, 12, 24))
('kft', (0, 3, 9, 7, 42, 3, 2, 10, 19))
('nk_y', (5, 2, 2, 57, 20, 5, 5))
('wqs', (9, 3, 54, 6, 3, 22))
('wnCf', (8, 16, 37, 33, 4))
('kfl', (2, 10, 9, 0, 5, 31, 5, 1, 6, 26))
('Sl!', (0, 16, 12, 3, 9, 25, 8, 3, 19))
('`nw', (50, 16, 2, 31))
('wq`', (4, 11, 2, 6, 34, 13, 4, 20))
('b!s', (1, 2, 5, 4, 45, 10, 30))
('rHq', (1, 14, 1, 7, 41, 8, 22, 1))
('dfr', (5, 2, 10, 13, 34, 7, 26))
('n|qTqT', (58, 25, 16))
('mr_q', (13, 8, 2, 6, 31, 2, 6, 28))
('qnTT', (4, 4, 4, 50, 4, 4, 9, 18))
('Tnqq', (7, 23, 6, 3, 30, 7, 1, 16, 3))
('fTr', (0, 8, 2, 0, 7, 45, 5, 2, 22, 4))
('Hdr', (3, 9, 5, 3, 32, 8, 6, 23, 5))
('s!l', (3, 6, 3, 44, 4, 1, 13, 23))
('Slw', (1, 6, 3, 1, 47, 1, 5, 33))
('Hdg', (3, 9, 6, 10, 29, 3, 1, 14, 21))
('qll', (4, 2, 4, 65, 4, 11, 6))
('S`n', (5, 5, 37, 18, 2, 27, 2))
('HkWr', (8, 41, 16, 8, 25))
('ql`', (7, 8, 5, 34, 10, 7, 25))
('gyx', (9, 7, 7, 3, 11, 11, 11, 13, 24))
('stf', (0, 9, 6, 1, 3, 27, 8, 8, 31, 4))
('Hb_r', (2, 10, 7, 0, 4, 33, 7, 2, 10, 21))
('dany', (5, 5, 5, 17, 58, 5))
('rgWd', (6, 6, 43, 12, 31))
('Hd_s', (10, 2, 2, 42, 26, 15))
('msrt', (1, 2, 2, 12, 34, 13, 3, 28, 2))
('df!', (5, 7, 2, 6, 29, 15, 4, 28))
('sty', (4, 14, 7, 5, 10, 23, 7, 3, 23))
('lbs', (4, 5, 1, 7, 33, 11, 1, 27, 7))
('Tq`', (2, 4, 1, 4, 1, 26, 14, 7, 36))
('bhl', (4, 11, 8, 0, 6, 25, 5, 3, 9, 22))
('lbw', (19, 11, 41, 13, 5, 8))
('Tqm', (2, 4, 4, 1, 15, 28, 4, 5, 6, 28))
('nqf', (8, 4, 10, 24, 8, 4, 38, 4))
('Tqs', (2, 16, 17, 7, 29, 3, 0, 6, 17))
('nql', (5, 6, 10, 3, 36, 3, 1, 13, 18))
('nqS', (10, 10, 5, 55, 5, 15))
('db_s', (13, 13, 4, 47, 8, 8, 4))
('wlwl', (9, 9, 9, 18, 18, 18, 18))
('Trnf', (1, 8, 1, 5, 31, 2, 5, 8, 32))
('fxl', (4, 2, 2, 12, 56, 4, 17))
('blaxw', (6, 2, 62, 9, 2, 16))
('sHq', (1, 14, 5, 2, 1, 42, 8, 22))
('ndd', (7, 2, 10, 51, 2, 2, 7, 15))
('sHt', (3, 12, 4, 3, 31, 9, 1, 21, 12))
('mz_z', (7, 4, 9, 46, 12, 19))
('sfy', (23, 57, 14, 4))
('dbdb', (15, 7, 15, 23, 23, 7, 7))
('mrS', (5, 12, 5, 7, 29, 10, 0, 23, 5))
('n|saff', (7, 28, 28, 35))
('sHb', (4, 5, 4, 2, 41, 12, 4, 24))
('mrH', (2, 10, 6, 4, 26, 2, 8, 8, 29))
('HgW_s', (4, 7, 8, 11, 30, 3, 0, 8, 24))
('sff', (18, 4, 9, 45, 13, 9))
('qals', (3, 19, 1, 7, 25, 9, 2, 3, 27))
('sHl', (5, 5, 5, 47, 11, 23))
('gWyy', (5, 13, 5, 4, 27, 7, 2, 30, 2))
('n|qsaqs', (4, 5, 5, 4, 22, 2, 2, 13, 38))
('`gt', (9, 1, 1, 52, 6, 26, 1))
('rhS', (30, 23, 34, 11))
('ml_s', (5, 5, 8, 11, 27, 13, 3, 18, 7))
('qS_l', (4, 14, 11, 2, 28, 4, 2, 6, 25))
('sfH', (7, 7, 7, 53, 7, 2, 14))
('badm', (20, 50, 20, 10))
('dn_q', (3, 7, 3, 46, 11, 26))
('HSb', (2, 8, 6, 10, 25, 4, 12, 29))
('tkl', (0, 13, 2, 1, 5, 34, 5, 2, 11, 21))
('tkk', (6, 6, 13, 26, 6, 13, 26))
('HSr', (5, 5, 3, 55, 14, 1, 14))
('`rf', (1, 12, 4, 1, 5, 26, 5, 4, 17, 22))
('n|Sbarq', (4, 40, 12, 6, 38))
('HSy', (22, 4, 13, 22, 4, 31))
('mrmr', (3, 25, 5, 9, 18, 3, 3, 8, 23))
('ngf', (3, 6, 6, 12, 42, 15, 15))
('mg_b', (5, 10, 4, 8, 21, 15, 1, 5, 24, 2))
('HqWf', (5, 10, 3, 3, 30, 23, 1, 22))
('HqWn', (16, 5, 33, 22, 5, 16))
('hrm', (7, 1, 4, 36, 19, 4, 26))
('`yy', (10, 21, 6, 4, 24, 12, 1, 17, 1))
('ngr', (5, 6, 7, 0, 5, 4, 36, 9, 2, 19))
('S`r', (4, 19, 3, 7, 25, 3, 1, 9, 26))
('dw_l', (10, 10, 9, 1, 5, 24, 11, 5, 10, 11))
('!ry', (22, 5, 11, 16, 16, 5, 22))
('wHT', (2, 8, 1, 2, 45, 2, 15, 20))
('bSH', (2, 15, 7, 2, 32, 3, 5, 7, 24))
('Hrs', (8, 3, 6, 1, 6, 35, 6, 1, 28))
('!rg', (11, 3, 3, 11, 33, 18, 18))
('tb`', (2, 11, 6, 3, 27, 1, 3, 13, 29))
('snTq', (4, 13, 4, 9, 27, 18, 18, 4))
('Snqq', (5, 5, 55, 11, 22))
('rqWH', (3, 3, 3, 7, 38, 11, 3, 26))
('tkW_s', (1, 11, 1, 3, 57, 1, 5, 15))
('fqd', (1, 6, 3, 3, 58, 8, 1, 13, 3))
('dq_s', (6, 14, 10, 6, 21, 4, 1, 10, 22))
('THn', (7, 14, 28, 14, 35))
('THl', (6, 6, 12, 22, 25, 25))
('gbr', (4, 4, 5, 0, 9, 36, 5, 3, 6, 22))
('wHs', (12, 6, 4, 33, 14, 27, 2))
('fqr', (6, 3, 6, 12, 16, 12, 0, 28, 12))
('wHz', (2, 2, 44, 2, 2, 44))
('Tmr', (2, 13, 2, 13, 28, 13, 23, 2))
('gW`z', (2, 20, 3, 2, 31, 2, 2, 10, 25))
('qlql', (5, 9, 47, 13, 23))
('ft_n', (4, 6, 6, 8, 29, 6, 1, 28, 6))
('gWasy', (15, 15, 30, 7, 7, 23))
('bar`', (7, 7, 71, 14))
('zrgH', (12, 2, 4, 40, 12, 5, 21))
('!g_d', (4, 4, 42, 9, 4, 33))
('qtl', (1, 8, 6, 5, 32, 3, 5, 35))
('Hsb', (5, 16, 5, 3, 5, 26, 5, 1, 8, 20))
('qS`', (5, 2, 43, 12, 7, 28))
('dlw', (1, 8, 9, 3, 42, 2, 1, 14, 15))
('dly', (3, 7, 11, 1, 6, 13, 25, 8, 1, 21))
('Srf', (1, 13, 11, 7, 29, 5, 3, 5, 19))
('saqy', (1, 1, 1, 3, 35, 6, 1, 48))
('nzH', (26, 13, 60))
('wrd', (1, 5, 2, 9, 48, 8, 0, 20, 4))
('Srr', (16, 23, 3, 40, 3, 3, 10))
('kW`t', (8, 40, 28, 8, 14))
('Sry', (4, 31, 6, 31, 12, 14))
('r!y', (3, 9, 4, 1, 2, 31, 12, 3, 29, 1))
('s`s`', (11, 50, 22, 16))
('kt`', (6, 26, 13, 26, 6, 20))
('qWrS', (2, 6, 9, 7, 34, 3, 0, 17, 18))
('zbT', (18, 37, 6, 18, 18))
('dkm', (4, 3, 11, 41, 4, 0, 11, 20))
('!mn', (4, 10, 7, 0, 6, 32, 4, 1, 7, 23))
('tmny', (17, 23, 5, 11, 5, 5, 29))
('frH', (3, 11, 10, 10, 25, 0, 6, 6, 24))
('n`q', (11, 5, 2, 8, 52, 2, 16))
('kwn', (5, 5, 5, 5, 37, 10, 1, 17, 10))
('mHSn', (19, 12, 16, 22, 3, 25))
('zng`', (4, 17, 4, 2, 25, 8, 27, 8))
('dg_f', (1, 6, 3, 14, 26, 8, 2, 35, 1))
('slky', (7, 30, 38, 7, 15))
('ml!', (1, 4, 2, 8, 34, 16, 4, 22, 5))
('s|tnfs', (10, 5, 5, 25, 10, 15, 30))
('Sdq', (2, 2, 2, 65, 6, 2, 20))
('frd', (1, 7, 4, 7, 41, 10, 1, 24, 2))
('kzn', (5, 38, 11, 11, 33))
('frh', (2, 25, 6, 4, 21, 6, 8, 6, 19))
('mark', (2, 7, 2, 5, 42, 2, 36))
('frs', (3, 3, 6, 48, 8, 23, 6))
('m|brkk', (20, 4, 32, 4, 4, 36))
('bqWl', (2, 2, 11, 41, 5, 35))
('marr', (4, 4, 31, 18, 40))
('fry', (3, 14, 3, 1, 3, 34, 10, 4, 27))
('tHz', (3, 8, 7, 1, 7, 31, 4, 3, 11, 21))
('dy_b', (5, 9, 9, 15, 19, 9, 25, 3))
('tHt', (5, 1, 9, 1, 32, 30, 18))
('qsm', (7, 4, 14, 26, 11, 35))
('gWhy', (22, 29, 38, 6, 3))
('lgs', (2, 9, 5, 4, 41, 9, 1, 19, 6))
('dm_r', (4, 12, 4, 4, 45, 4, 25))
('snbt', (7, 11, 46, 15, 19))
('mlk', (4, 22, 5, 1, 15, 20, 2, 18, 8))
('mls', (4, 5, 7, 0, 9, 28, 4, 2, 14, 22))
('gr_h', (9, 9, 9, 27, 36, 9))
('snbd', (5, 8, 6, 1, 46, 3, 11, 16))
('gr_m', (2, 7, 0, 5, 61, 0, 12, 9))
('hdn', (5, 2, 5, 20, 10, 5, 52))
('hdm', (1, 9, 7, 12, 26, 5, 32, 4))
('gnn', (10, 3, 3, 53, 10, 17))
('qm_T', (3, 7, 5, 3, 6, 25, 10, 2, 26, 7))
('Swt', (1, 4, 4, 0, 6, 35, 1, 3, 13, 28))
('kWskWs', (7, 15, 17, 12, 2, 43))
('qy_m', (14, 14, 21, 14, 14, 21))
('mql', (13, 1, 1, 6, 34, 14, 1, 26))
('SqT', (1, 9, 3, 7, 29, 3, 17, 25))
('kWr_y', (9, 9, 36, 18, 27))
('qy_r', (4, 8, 8, 4, 29, 9, 1, 11, 22))
('k`w', (8, 16, 60, 8, 8))
('dmdm', (5, 50, 10, 35))
('T`s', (3, 3, 3, 10, 35, 10, 32))
('n!s', (7, 7, 1, 1, 46, 9, 25))
('glgl', (1, 11, 3, 2, 24, 0, 3, 14, 37))
('lqq', (2, 8, 4, 4, 30, 8, 2, 39))
('T`y', (18, 12, 6, 43, 12, 6))
('knakn', (14, 3, 29, 3, 3, 44))
('T`m', (2, 1, 3, 77, 5, 1, 8))
('mHl', (12, 3, 16, 25, 6, 35))
('fk_r', (7, 15, 53, 23))
('dgm', (3, 8, 5, 11, 26, 5, 1, 12, 25))
('naby', (14, 38, 11, 17, 2, 2, 11))
('tnkf', (1, 5, 7, 3, 45, 3, 14, 19))
('mHw', (7, 21, 21, 21, 7, 21))
('mzn', (2, 9, 2, 1, 17, 25, 2, 6, 4, 28))
('mHr', (8, 2, 2, 60, 5, 20))
('dr_k', (4, 4, 67, 2, 20))
('gd_d', (0, 7, 4, 2, 52, 1, 1, 6, 22))
('Sn`', (4, 9, 7, 4, 31, 9, 3, 22, 7))
('mkk', (9, 9, 27, 9, 9, 36))
('dr_b', (24, 9, 5, 1, 3, 26, 11, 15, 1))
('mHdr', (1, 11, 6, 34, 7, 6, 30, 1))
('gd_s', (4, 10, 4, 2, 40, 3, 0, 5, 25))
('dngS', (2, 5, 5, 5, 25, 15, 2, 38))
('drf', (2, 4, 2, 1, 15, 28, 1, 4, 11, 28))
('rgS', (2, 11, 7, 0, 6, 37, 2, 2, 8, 21))
('sw_r', (1, 5, 1, 7, 5, 33, 5, 35, 1))
('md_b', (1, 7, 6, 11, 31, 10, 5, 20, 4))
('gdf', (4, 10, 5, 10, 34, 8, 0, 15, 8))
('qlTf', (5, 7, 7, 7, 43, 5, 7, 13))
('rgf', (9, 6, 43, 3, 37))
('qb!', (5, 5, 5, 33, 22, 27))
('hbtm', (16, 5, 27, 27, 22))
('fS_m', (5, 9, 5, 3, 6, 34, 6, 0, 28))
('sk_m', (2, 5, 2, 13, 32, 1, 1, 9, 30))
('!k_b', (1, 9, 2, 7, 31, 3, 2, 11, 31))
('rs_`', (8, 8, 12, 20, 21, 6, 2, 6, 17))
('str', (20, 10, 20, 30, 10, 10))
('rgm', (13, 3, 6, 48, 13, 3, 10))
('dHn', (1, 9, 6, 6, 33, 8, 0, 26, 5))
('qwm', (1, 3, 3, 2, 6, 34, 1, 3, 11, 31))
('Cn_q', (4, 10, 7, 1, 42, 4, 5, 24))
('s`m', (3, 3, 6, 43, 15, 21, 6))
('`nqS', (12, 6, 50, 6, 25))
('Tr`', (5, 5, 5, 35, 17, 29))
('s`b', (0, 7, 6, 4, 42, 1, 4, 6, 26))
('Try', (5, 24, 5, 10, 13, 10, 5, 24))
('s`r', (0, 15, 2, 2, 39, 18, 0, 18))
('dHr', (4, 33, 4, 9, 19, 9, 19))
('SbSb', (21, 6, 12, 25, 3, 3, 28))
('brabr', (13, 3, 5, 49, 13, 9, 3))
('zll', (1, 4, 47, 1, 18, 3, 8, 14))
('`nqf', (5, 32, 47, 8, 5))
('mhz', (12, 2, 6, 40, 12, 26))
('gm_t', (1, 5, 2, 12, 30, 12, 16, 20))
('kWn_n', (2, 8, 4, 43, 8, 2, 18, 12))
('mhr', (5, 14, 3, 0, 4, 26, 4, 1, 7, 32))
('kdn', (3, 1, 6, 4, 32, 16, 3, 24, 6))
('rkb', (3, 12, 7, 0, 4, 25, 6, 4, 9, 25))
('qd_m', (4, 14, 5, 6, 23, 13, 1, 21, 9))
('dhss', (16, 4, 2, 32, 6, 37))
('`ll', (4, 10, 4, 7, 22, 14, 1, 22, 11))
('Hb!', (6, 9, 4, 6, 29, 9, 6, 16, 9))
('qWsl', (3, 3, 3, 31, 3, 56))
('`bll', (4, 2, 2, 61, 11, 4, 13))
('qb_l', (3, 6, 4, 0, 12, 23, 11, 2, 24, 10))
('dngWy', (13, 6, 4, 41, 20, 11))
('whb', (2, 8, 3, 0, 3, 42, 10, 4, 20, 4))
('Hkk', (5, 5, 5, 35, 11, 35))
('rd_!', (4, 17, 6, 6, 23, 4, 3, 9, 22))
('nfr', (9, 9, 9, 18, 18, 36))
('qn_y', (12, 5, 5, 5, 2, 25, 7, 2, 23, 10))
('!w_j', (1, 10, 6, 5, 41, 16, 1, 13, 3))
('zzw', (27, 9, 9, 27, 9, 9, 9))
('srH', (2, 15, 2, 5, 24, 6, 8, 29, 5))
('mlkt', (2, 15, 6, 1, 5, 9, 31, 6, 20))
('srS', (6, 48, 6, 37))
('qn`', (7, 3, 55, 11, 22))
('rx_n', (3, 44, 51))
('hl_w', (0, 5, 1, 1, 59, 3, 0, 5, 20))
('gWbT', (6, 3, 33, 21, 6, 30))
('Hbr', (1, 4, 7, 9, 36, 4, 2, 12, 20))
('bsl', (6, 3, 10, 46, 6, 3, 20, 3))
('sr`', (7, 5, 1, 12, 27, 11, 10, 24))
('kry', (2, 4, 7, 9, 9, 30, 11, 11, 11))
('qWSr', (0, 11, 4, 0, 4, 30, 3, 3, 9, 32))
('m`bl', (7, 4, 5, 34, 10, 0, 36))
('mTT', (16, 50, 16, 16))
('ndf', (7, 3, 3, 51, 11, 3, 18))
('srq', (10, 4, 8, 37, 6, 2, 27, 4))
('qrb', (2, 10, 4, 0, 5, 31, 8, 3, 8, 22))
('l`l', (1, 10, 3, 7, 37, 5, 0, 10, 23))
('g`z', (2, 8, 2, 2, 42, 4, 6, 32))
('tk_!', (8, 8, 4, 2, 45, 6, 25))
('g`r', (21, 26, 4, 47))
('lagS', (10, 5, 31, 5, 47))
('n|TlTl', (3, 6, 6, 34, 13, 34))
('mskr', (10, 3, 0, 4, 44, 1, 11, 23))
('gl_l', (4, 9, 40, 18, 27))
('zHl', (6, 12, 43, 12, 25))
('`lb', (3, 7, 42, 28, 3, 14))
('xyT', (1, 10, 5, 2, 25, 13, 2, 35, 2))
('klkl', (0, 12, 2, 3, 41, 8, 2, 24, 3))
('qrS', (1, 5, 5, 45, 13, 1, 25))
('mkr', (1, 16, 5, 2, 28, 4, 1, 8, 30))
('tsfy', (6, 13, 33, 46))
('!z_z', (5, 7, 1, 7, 42, 6, 1, 29))
('gWn_S', (7, 21, 28, 7, 35))
('hd!', (4, 17, 4, 8, 39, 4, 4, 17))
('TrTr', (1, 12, 1, 4, 37, 18, 20, 5))
('tns!', (2, 17, 14, 2, 7, 29, 7, 19))
('sdd', (2, 3, 2, 11, 32, 7, 1, 10, 28))
('fn_w', (1, 2, 0, 1, 34, 1, 4, 17, 33))
('dmS', (13, 10, 23, 10, 6, 30, 6))
('qany', (7, 7, 14, 7, 28, 7, 28))
('Htm', (1, 5, 1, 41, 19, 1, 28))
('`Sw', (2, 7, 5, 6, 40, 15, 1, 18, 1))
('nSg', (1, 5, 2, 2, 36, 11, 2, 35, 1))
('dmq', (3, 7, 11, 61, 3, 11))
('Htt', (4, 7, 6, 0, 13, 23, 10, 1, 23, 10))
('brkt', (7, 4, 2, 2, 32, 11, 3, 32, 4))
('fdy', (15, 7, 3, 26, 11, 34))
('dmy', (9, 3, 3, 32, 12, 9, 12, 16))
('`Sf', (8, 2, 11, 47, 5, 23))
('`Sd', (5, 52, 31, 10))
('Cnw', (7, 7, 64, 7, 14))
('SnH', (2, 5, 5, 9, 24, 2, 10, 13, 25))
('sgW_m', (3, 15, 7, 1, 7, 28, 1, 3, 14, 17))
('fkWs', (7, 7, 65, 3, 15))
('hq_n', (10, 10, 3, 31, 6, 34, 3))
('sl_m', (2, 13, 4, 11, 2, 25, 13, 4, 20))
('gb_!', (4, 2, 10, 72, 6, 4))
('rbrb', (10, 23, 46, 16, 3))
('myT', (8, 17, 8, 2, 21, 10, 2, 28))
('!kl', (1, 2, 6, 61, 15, 12))
('!lm', (4, 9, 28, 4, 4, 47))
('Hfs', (2, 15, 2, 5, 35, 12, 27))
('hnS', (0, 15, 1, 5, 36, 2, 2, 7, 27))
('sql', (7, 1, 9, 31, 13, 29, 5))
('qWT_b', (1, 14, 7, 10, 23, 5, 30, 7))
('sndw', (10, 3, 3, 64, 7, 7, 3))
('fss', (14, 4, 5, 48, 2, 1, 23))
('masy', (14, 7, 57, 21))
