('lly', (8, 0, 7, 0, 0, 1, 0, 0, 0, 0))
('!n_n', (0,))
('`d_m', (15, 3, 9, 0, 3, 5, 1, 0, 3, 0))
('`d_l', (20, 4, 8, 0, 1, 4, 0, 0, 0, 0))
('sn_y', (16, 0, 0, 0, 0, 7, 1, 1, 0, 0))
('trgWm', (14, 1, 5, 0, 0, 0, 0, 0, 0, 0))
('`d_g', (12, 12, 9, 0, 0, 3, 0, 0, 0, 0))
('msgn', (13, 0, 7, 0, 5, 0, 5, 0, 0, 0))
('fHr', (12, 0, 0, 0, 0, 4, 0, 0, 0, 0))
('CbCb', (0,))
('mwt', (8, 0, 0, 0, 4, 0, 0, 0, 0, 0))
('xk_m', (7, 11, 3, 0, 0, 15, 0, 0, 3, 0))
('wk_l', (7, 3, 6, 1, 0, 9, 1, 0, 1, 0))
('hw_k', (5, 7, 11, 1, 1, 1, 0, 1, 0, 0))
('nwH', (0,))
('zmt', (15, 2, 7, 0, 2, 2, 0, 0, 2, 0))
('wS!', (0, 0, 0, 0, 7, 0, 0, 0, 0, 0))
('Hqq', (0,))
('tr_t', (0,))
('ngWd', (0,))
('HrHr', (0,))
('jl_b', (0,))
('wsd', (17, 3, 6, 0, 0, 1, 0, 0, 0, 0))
('ngWS', (0,))
('sr_t', (25, 6, 4, 0, 0, 0, 0, 0, 2, 0))
('wg_d', (15, 0, 12, 0, 3, 0, 0, 0, 3, 0))
('trf', (5, 0, 0, 0, 5, 2, 0, 0, 0, 0))
('gWlbb', (14, 17, 7, 0, 0, 0, 2, 0, 2, 0))
('wg_z', (16, 5, 22, 0, 0, 0, 0, 0, 0, 0))
('!by', (0,))
('`mbb', (0,))
('Hx_x', (0,))
('mSy', (6, 0, 0, 3, 0, 0, 0, 0, 0, 0))
('nbr', (11, 0, 3, 0, 2, 0, 0, 0, 0, 0))
('bakn', (0,))
('xt_t', (0,))
('`l_m', (11, 5, 11, 0, 2, 8, 2, 0, 0, 0))
('nbb', (15, 3, 11, 0, 0, 0, 0, 0, 0, 0))
('Smd', (5, 6, 8, 2, 1, 2, 3, 1, 0, 0))
('kw_l', (17, 1, 3, 0, 1, 0, 2, 0, 1, 0))
('wr_b', (0,))
('Sw_r', (0, 0, 0, 0, 0, 0, 0, 0, 0, 0))
('nbH', (0,))
('zrb', (19, 1, 3, 0, 0, 0, 0, 0, 0, 0))
('Sw_`', (13, 4, 2, 0, 2, 3, 2, 1, 1, 0))
('hd_d', (0,))
('lw_T', (12, 4, 6, 0, 1, 4, 0, 0, 0, 0))
('`r_y', (5, 1, 1, 0, 0, 1, 0, 0, 0, 0))
('lq_H', (14, 2, 0, 0, 2, 7, 7, 4, 0, 0))
('glS', (20, 2, 6, 0, 0, 0, 0, 0, 0, 0))
('kzn', (13, 0, 13, 0, 0, 0, 0, 0, 0, 0))
('mS!', (0, 0, 8, 0, 0, 8, 0, 0, 0, 0))
('TrTr', (16, 0, 20, 0, 0, 0, 0, 0, 0, 0))
('drz', (0,))
('kss', (11, 1, 15, 0, 1, 2, 1, 0, 2, 0))
('nqnq', (0, 0, 7, 0, 0, 7, 0, 0, 0, 0))
('tnfs', (0,))
('wdq', (0,))
('jrbb', (0,))
('zr!', (19, 2, 8, 2, 0, 0, 0, 0, 4, 0))
('Tlf', (0,))
('sgr', (17, 0, 8, 0, 0, 2, 0, 0, 0, 0))
('brr', (0,))
('mn_y', (6, 2, 6, 0, 3, 10, 1, 0, 0, 0))
('gnSl', (20, 20, 0, 0, 0, 0, 0, 0, 0, 0))
('Cflq', (30, 10, 0, 0, 0, 0, 0, 0, 0, 0))
('brh', (10, 0, 10, 20, 0, 0, 0, 0, 0, 0))
('Hg_z', (11, 1, 13, 0, 0, 1, 1, 0, 0, 0))
('ntgW', (0,))
('tnby', (0, 0, 0, 0, 0, 0, 0, 0, 0, 0))
('lwy', (0,))
('wl_`', (20, 5, 0, 0, 0, 0, 0, 0, 0, 0))
('Hs_w', (0,))
('dnn', (0,))
('`Tq', (9, 5, 9, 1, 0, 6, 2, 0, 1, 0))
('msl', (9, 1, 5, 0, 0, 9, 2, 0, 0, 0))
('nkWl', (0,))
('nSnS', (0,))
('`w_t', (11, 4, 7, 0, 1, 4, 1, 0, 0, 0))
('Hw_s', (16, 2, 10, 0, 0, 2, 0, 0, 0, 0))
('qdd', (26, 0, 0, 0, 0, 0, 0, 0, 0, 0))
('Tw_y', (4, 0, 4, 0, 0, 0, 0, 0, 4, 0))
('Hmxx', (21, 7, 7, 0, 0, 0, 0, 0, 0, 0))
('Hw_y', (0, 0, 0, 0, 0, 10, 0, 0, 0, 0))
('flT', (14, 2, 9, 0, 0, 0, 0, 0, 0, 0))
('nks', (11, 2, 5, 0, 2, 5, 2, 0, 0, 0))
('lHs', (9, 0, 0, 0, 0, 0, 0, 0, 0, 0))
('rk!', (0,))
('Sb_y', (4, 2, 7, 0, 2, 6, 2, 1, 1, 0))
('fly', (7, 2, 5, 0, 0, 2, 1, 1, 0, 0))
('gnzb', (7, 2, 9, 1, 3, 8, 3, 1, 2, 0))
('`by', (9, 0, 0, 0, 0, 0, 0, 0, 0, 0))
('Tf!', (0,))
('qdH', (0,))
('lT_f', (16, 4, 8, 0, 0, 0, 0, 0, 0, 0))
('Hlm', (13, 0, 0, 0, 0, 0, 0, 0, 0, 0))
('Tm_t', (14, 1, 5, 0, 1, 0, 0, 0, 0, 0))
('nqWH', (0,))
('Hlf', (15, 0, 10, 0, 0, 0, 0, 0, 0, 0))
('Hk_m', (8, 4, 13, 2, 2, 2, 2, 0, 0, 0))
('hnTy', (3, 3, 9, 0, 3, 3, 0, 0, 0, 0))
('!sr', (12, 2, 14, 0, 0, 2, 3, 0, 1, 0))
('lmS', (0,))
('lg_b', (0,))
('b`T', (0,))
('kyd', (11, 0, 2, 0, 2, 5, 0, 0, 0, 0))
('wn_n', (5, 0, 5, 0, 0, 0, 0, 0, 0, 0))
('SfH', (0,))
('wany', (0, 0, 0, 0, 30, 0, 0, 0, 0, 0))
('!ngd', (25, 4, 12, 0, 0, 0, 0, 0, 0, 0))
('bkWr', (0,))
('kt_l', (8, 2, 8, 2, 0, 5, 2, 0, 1, 0))
('HC_C', (0,))
('wd_!', (21, 2, 1, 0, 0, 0, 0, 0, 0, 0))
('zm_r', (16, 4, 0, 0, 0, 0, 0, 0, 0, 0))
('!ly', (3, 0, 9, 0, 0, 1, 1, 0, 1, 0))
('!ry', (0,))
('b`l', (15, 2, 0, 0, 0, 10, 0, 0, 0, 0))
('jm_r', (21, 3, 2, 1, 1, 0, 0, 0, 0, 0))
('zk_r', (18, 1, 6, 0, 2, 0, 0, 0, 0, 0))
('ghS', (0,))
('mr`w', (7, 4, 5, 0, 0, 3, 1, 3, 0, 0))
('gz!', (6, 2, 4, 2, 1, 6, 2, 1, 0, 0))
('TT_`', (0,))
('bky', (0,))
('w`l', (3, 0, 1, 0, 0, 1, 0, 0, 0, 0))
('znb', (0,))
('xql', (0,))
('wt_f', (10, 10, 0, 0, 0, 0, 0, 0, 0, 0))
('ghd', (28, 1, 0, 0, 0, 0, 0, 0, 0, 0))
('w`y', (0,))
('tall', (13, 0, 7, 0, 1, 7, 1, 1, 7, 0))
('wf_y', (10, 3, 8, 0, 0, 5, 1, 0, 1, 0))
('dnagr', (17, 2, 2, 0, 0, 4, 0, 1, 4, 0))
('Hry', (2, 2, 4, 0, 0, 2, 0, 0, 0, 0))
('Slmt', (0,))
('l!k', (15, 2, 1, 0, 0, 0, 0, 0, 1, 0))
('kbb', (14, 14, 4, 0, 2, 2, 2, 2, 0, 0))
('rTrT', (0,))
('zt_y', (14, 0, 0, 0, 3, 0, 0, 0, 0, 0))
('Hrr', (35, 14, 0, 0, 0, 0, 0, 0, 0, 0))
('TbH', (30, 10, 0, 0, 0, 0, 0, 0, 0, 0))
('mrkWs', (11, 3, 8, 0, 0, 5, 1, 0, 0, 0))
('kbr', (22, 1, 3, 0, 5, 1, 1, 0, 0, 0))
('Hrd', (3, 9, 12, 0, 0, 0, 0, 0, 0, 0))
('wrd', (9, 0, 0, 0, 4, 0, 0, 0, 0, 0))
('gWd!', (12, 3, 9, 3, 0, 1, 0, 1, 0, 0))
('!tw', (23, 2, 0, 0, 0, 0, 0, 0, 0, 0))
('Tbq', (0,))
('nTr', (0,))
('`q_n', (13, 0, 4, 0, 0, 0, 0, 0, 0, 0))
('wrr', (13, 10, 6, 0, 0, 3, 0, 0, 0, 0))
('kx_n', (0,))
('ws_k', (25, 2, 5, 1, 0, 1, 0, 0, 0, 0))
('bkW`', (0,))
('nTb', (0,))
('ws_n', (23, 0, 8, 0, 0, 0, 0, 0, 0, 0))
('qWlb', (0,))
('nfH', (16, 16, 5, 0, 0, 0, 0, 0, 0, 0))
('bt_n', (19, 2, 11, 0, 0, 0, 2, 0, 0, 0))
('nady', (17, 0, 0, 0, 0, 0, 0, 0, 0, 0))
('fHfH', (0,))
('lzb', (0,))
('Sl_y', (3, 0, 3, 0, 0, 3, 3, 0, 3, 0))
('qhm', (0,))
('gWdl', (0,))
('nfs', (0,))
('xf_n', (13, 6, 7, 1, 0, 0, 0, 0, 0, 0))
('zwr', (0, 6, 6, 0, 0, 0, 0, 0, 0, 0))
('Hmbs', (0,))
('nS_r', (26, 0, 4, 0, 0, 0, 0, 0, 0, 0))
('mxmx', (0,))
('k!l', (21, 0, 2, 0, 0, 0, 0, 0, 0, 0))
('ftH', (18, 2, 4, 2, 0, 3, 1, 0, 0, 0))
('gff', (14, 0, 17, 0, 0, 0, 2, 0, 0, 0))
('kWms`', (0,))
('lm_n', (14, 0, 0, 0, 0, 14, 0, 7, 0, 0))
('ftw', (10, 0, 5, 1, 0, 3, 1, 0, 0, 0))
('wT_H', (16, 4, 8, 0, 0, 0, 8, 0, 0, 0))
('smr', (8, 0, 0, 0, 0, 0, 0, 0, 0, 0))
('zntw', (25, 0, 0, 0, 0, 0, 0, 0, 0, 0))
('gfH', (0,))
('wT_T', (14, 7, 0, 0, 7, 7, 7, 0, 0, 0))
('bl`', (8, 2, 7, 1, 0, 0, 1, 0, 0, 0))
('sm`', (14, 2, 2, 8, 0, 1, 0, 0, 0, 0))
('sbr', (13, 1, 7, 0, 0, 0, 0, 0, 0, 0))
('mmy', (0,))
('gTm', (15, 5, 5, 0, 0, 0, 0, 0, 0, 0))
('Tlb', (5, 2, 5, 0, 0, 11, 0, 0, 2, 0))
('lmm', (30, 10, 10, 0, 0, 0, 0, 0, 0, 0))
('sbk', (27, 0, 0, 0, 0, 9, 0, 0, 0, 0))
('lmd', (24, 0, 2, 0, 0, 0, 0, 0, 0, 0))
('Tll', (0,))
('wg!', (9, 9, 16, 0, 3, 0, 0, 3, 0, 0))
('Sg_n', (14, 2, 8, 2, 0, 2, 0, 0, 0, 0))
('Sg_m', (8, 2, 9, 0, 3, 8, 0, 1, 0, 0))
('Sg_b', (0,))
('Sg_`', (14, 5, 1, 0, 1, 3, 3, 0, 1, 0))
('sTH', (13, 13, 6, 0, 6, 0, 0, 0, 0, 0))
('SHf', (11, 1, 2, 0, 0, 0, 0, 0, 0, 0))
('nq_w', (0,))
('wld', (11, 3, 11, 0, 2, 6, 3, 0, 0, 0))
('kft', (21, 2, 3, 0, 0, 0, 0, 0, 0, 0))
('nk_y', (4, 0, 0, 0, 4, 2, 0, 0, 0, 0))
('wqs', (11, 0, 11, 0, 0, 0, 0, 0, 0, 0))
('mxTr', (0,))
('wnCf', (9, 11, 3, 0, 0, 1, 0, 0, 0, 0))
('kfl', (18, 1, 5, 0, 4, 0, 1, 0, 0, 0))
('Sl!', (19, 0, 1, 1, 0, 1, 3, 1, 1, 0))
('`nw', (0,))
('wq`', (11, 11, 8, 5, 2, 0, 0, 0, 0, 0))
('b!s', (6, 2, 7, 0, 0, 1, 0, 1, 0, 0))
('rHq', (9, 0, 4, 0, 0, 0, 0, 0, 0, 0))
('dgWH', (0,))
('dfr', (7, 4, 7, 0, 1, 3, 0, 1, 0, 0))
('n|qTqT', (0,))
('mr_q', (12, 1, 12, 0, 3, 3, 0, 0, 1, 0))
('laSy', (16, 0, 0, 0, 0, 0, 0, 0, 0, 0))
('qnTT', (25, 3, 6, 0, 0, 0, 0, 0, 0, 0))
('Tnqq', (5, 1, 6, 0, 1, 12, 2, 3, 1, 0))
('fTr', (17, 2, 6, 0, 1, 2, 2, 0, 0, 0))
('Hdr', (8, 0, 0, 0, 0, 0, 0, 0, 0, 0))
('s!l', (10, 6, 3, 0, 0, 1, 0, 0, 2, 0))
('Slw', (13, 0, 10, 0, 0, 0, 1, 0, 0, 0))
('Hdg', (22, 0, 8, 0, 0, 0, 0, 0, 0, 0))
('qll', (0,))
('mg_b', (6, 0, 9, 2, 0, 7, 0, 0, 0, 0))
('HkWr', (0,))
('ql`', (22, 3, 0, 0, 7, 3, 0, 0, 0, 0))
('gyx', (0,))
('stf', (0,))
('rsH', (0,))
('Hb_r', (25, 1, 2, 0, 0, 3, 0, 0, 0, 0))
('dany', (17, 0, 0, 0, 0, 7, 0, 0, 0, 0))
('qlT', (0,))
('rgWd', (0,))
('Hd_s', (15, 6, 7, 0, 0, 1, 0, 0, 0, 0))
('mWg_s', (0,))
('msrt', (18, 5, 4, 0, 0, 0, 0, 0, 0, 0))
('df!', (9, 5, 5, 1, 1, 1, 0, 0, 0, 0))
('sty', (0, 0, 5, 0, 0, 0, 0, 0, 2, 0))
('lbs', (0,))
('Tq`', (12, 3, 4, 6, 0, 1, 0, 0, 0, 0))
('bhl', (11, 3, 5, 0, 1, 2, 0, 0, 0, 0))
('lbw', (0,))
('Tqm', (8, 2, 9, 1, 1, 5, 1, 0, 2, 0))
('nqf', (8, 0, 8, 0, 0, 2, 2, 0, 0, 0))
('Tqs', (17, 2, 10, 0, 0, 0, 0, 0, 0, 0))
('nql', (21, 0, 7, 0, 0, 0, 0, 0, 0, 0))
('nqS', (0,))
('db_s', (17, 4, 4, 0, 0, 4, 0, 0, 0, 0))
('wlwl', (0,))
('Trnf', (10, 1, 16, 3, 0, 3, 3, 0, 1, 0))
('fxl', (0,))
('blaxw', (18, 2, 3, 0, 0, 2, 1, 0, 0, 0))
('sHq', (13, 0, 6, 0, 0, 6, 0, 0, 0, 0))
('ndd', (0,))
('sHt', (7, 0, 1, 0, 0, 0, 0, 1, 0, 0))
('mz_z', (20, 7, 7, 0, 2, 2, 2, 0, 0, 0))
('sfy', (36, 0, 0, 0, 0, 0, 0, 0, 0, 0))
('dbdb', (0,))
('mrS', (16, 3, 6, 0, 0, 0, 1, 0, 0, 0))
('n|saff', (17, 5, 0, 0, 5, 0, 0, 0, 0, 0))
('sHb', (13, 0, 0, 0, 0, 0, 0, 2, 0, 0))
('mrH', (10, 2, 3, 2, 0, 4, 3, 0, 0, 0))
('HgW_s', (9, 3, 11, 0, 4, 5, 2, 0, 0, 0))
('sff', (0,))
('qals', (8, 1, 8, 0, 0, 7, 1, 0, 2, 0))
('sHl', (33, 8, 0, 0, 0, 0, 0, 0, 0, 0))
('n|saHb', (0,))
('gWyy', (0, 0, 0, 0, 0, 20, 0, 0, 0, 0))
('n|qsaqs', (6, 4, 12, 1, 1, 2, 1, 1, 0, 0))
('`gt', (14, 1, 10, 0, 1, 1, 0, 0, 0, 0))
('qWTqWT', (0,))
('nx_w', (0,))
('rhS', (0,))
('ml_s', (7, 1, 5, 1, 1, 5, 1, 1, 1, 0))
('qS_l', (10, 0, 10, 0, 0, 10, 0, 0, 0, 0))
('sfH', (0,))
('badm', (0,))
('dn_q', (12, 3, 8, 0, 0, 3, 0, 1, 0, 0))
('HSb', (8, 6, 8, 0, 3, 3, 3, 1, 1, 0))
('tkl', (16, 3, 5, 0, 0, 0, 0, 0, 0, 0))
('tkk', (0,))
('HSr', (17, 5, 8, 0, 1, 2, 1, 0, 0, 0))
('`rf', (0,))
('n|Sbarq', (20, 0, 8, 2, 0, 0, 0, 0, 0, 0))
('HSy', (5, 0, 2, 0, 0, 5, 5, 0, 0, 0))
('mrmr', (9, 1, 5, 0, 1, 6, 3, 2, 1, 0))
('ngf', (0,))
('nzH', (20, 0, 0, 10, 0, 0, 0, 0, 0, 0))
('HqWf', (14, 7, 10, 0, 0, 0, 0, 0, 0, 0))
('HqWn', (5, 15, 10, 0, 0, 0, 0, 0, 0, 0))
('hrm', (13, 4, 6, 1, 1, 3, 1, 0, 0, 0))
('`yy', (11, 5, 8, 0, 0, 0, 0, 0, 0, 0))
('ngr', (20, 1, 2, 0, 1, 1, 0, 0, 0, 0))
('S`r', (5, 3, 0, 0, 0, 1, 0, 0, 0, 0))
('SmWq', (0,))
('dw_l', (30, 7, 0, 0, 0, 3, 0, 0, 0, 0))
('Hrq', (0,))
('Hnqq', (0,))
('wHT', (8, 5, 1, 0, 1, 1, 0, 0, 0, 0))
('bSH', (29, 0, 3, 3, 0, 0, 0, 0, 0, 0))
('Hrs', (15, 3, 9, 0, 0, 3, 0, 0, 0, 0))
('!rg', (0,))
('tb`', (0,))
('drgm', (0,))
('snTq', (0,))
('Snqq', (24, 0, 3, 0, 0, 0, 3, 0, 0, 0))
('rqWH', (19, 4, 11, 0, 2, 0, 0, 2, 0, 0))
('tkW_s', (28, 1, 1, 0, 0, 0, 0, 0, 0, 0))
('fqd', (22, 0, 0, 0, 0, 0, 0, 0, 0, 0))
('dq_s', (0,))
('THn', (21, 0, 7, 0, 0, 0, 0, 0, 0, 0))
('THl', (0,))
('gbr', (23, 0, 2, 0, 0, 0, 0, 0, 1, 0))
('wHs', (12, 2, 4, 0, 0, 0, 0, 0, 2, 0))
('fqr', (9, 4, 19, 0, 4, 0, 0, 0, 0, 0))
('wHz', (0,))
('Tmr', (15, 0, 15, 0, 0, 5, 0, 0, 0, 0))
('gW`z', (5, 2, 5, 0, 0, 4, 0, 0, 0, 0))
('qlql', (13, 5, 7, 0, 4, 2, 0, 0, 0, 0))
('ft_n', (14, 3, 9, 0, 0, 4, 0, 0, 1, 0))
('gWasy', (0,))
('bar`', (31, 0, 0, 0, 0, 0, 0, 3, 0, 0))
('zrgH', (17, 5, 1, 0, 0, 0, 0, 0, 0, 0))
('!g_d', (12, 8, 16, 0, 0, 4, 0, 0, 0, 0))
('qtl', (14, 1, 19, 0, 1, 1, 0, 0, 0, 0))
('Hsb', (20, 2, 7, 0, 0, 1, 0, 0, 0, 0))
('qS`', (13, 3, 5, 5, 1, 1, 0, 0, 0, 0))
('fann', (0,))
('Htt', (8, 2, 7, 0, 1, 2, 0, 0, 1, 0))
('dlw', (23, 6, 3, 0, 3, 0, 3, 0, 6, 0))
('dly', (6, 0, 5, 0, 0, 0, 0, 0, 1, 0))
('Srf', (8, 0, 4, 0, 4, 0, 4, 0, 0, 0))
('saqy', (6, 3, 9, 0, 0, 0, 0, 0, 0, 0))
('`q_b', (20, 0, 8, 0, 0, 0, 0, 0, 0, 0))
('qWrs', (0,))
('Srr', (0,))
('kW`t', (7, 4, 0, 0, 0, 0, 0, 0, 0, 0))
('Sry', (0,))
('qr_m', (0,))
('qr_n', (0,))
('r!y', (6, 1, 3, 0, 0, 0, 0, 0, 0, 0))
('s`s`', (0,))
('kt`', (0,))
('dmss', (22, 0, 11, 0, 0, 0, 0, 0, 0, 0))
('qWrS', (23, 12, 5, 0, 1, 0, 0, 0, 0, 0))
('m`ry', (0,))
('zbT', (0,))
('dkm', (0,))
('S`n', (10, 5, 2, 0, 0, 0, 0, 0, 2, 0))
('!mn', (16, 0, 3, 0, 0, 0, 1, 0, 0, 0))
('tmny', (1, 1, 5, 1, 5, 4, 1, 0, 0, 0))
('frH', (0, 0, 0, 11, 0, 0, 0, 5, 0, 0))
('n`q', (12, 0, 0, 0, 0, 0, 0, 0, 0, 0))
('kwn', (10, 0, 3, 0, 0, 1, 0, 0, 0, 0))
('mHSn', (6, 8, 9, 1, 4, 4, 0, 0, 0, 0))
('zng`', (15, 0, 5, 0, 0, 10, 0, 0, 0, 0))
('dg_f', (13, 2, 17, 0, 0, 2, 0, 0, 0, 0))
('slky', (0,))
('H|xkWxkW', (0,))
('ml!', (16, 7, 7, 3, 0, 3, 0, 0, 0, 0))
('s|tnfs', (0,))
('Sdq', (0,))
('frd', (17, 2, 5, 0, 1, 1, 2, 0, 1, 0))
('`ndr', (0,))
('frh', (0,))
('T|lqlq', (0,))
('mark', (12, 2, 12, 0, 2, 2, 0, 2, 0, 0))
('frs', (0,))
('m|brkk', (9, 1, 11, 0, 0, 9, 0, 0, 0, 1))
('bqWl', (0,))
('marr', (21, 0, 14, 0, 0, 0, 0, 0, 0, 0))
('fry', (12, 0, 0, 0, 0, 6, 0, 0, 0, 0))
('drq', (0,))
('tHz', (9, 3, 8, 0, 0, 0, 0, 0, 0, 0))
('dy_b', (0,))
('tHt', (2, 2, 7, 0, 0, 0, 0, 0, 0, 0))
('qsm', (23, 0, 5, 0, 0, 0, 0, 0, 0, 0))
('`z_b', (6, 2, 7, 1, 6, 8, 4, 0, 0, 0))
('gWhy', (0,))
('n|fTfT', (0,))
('lgs', (20, 0, 3, 0, 0, 0, 0, 0, 0, 0))
('lw_s', (0,))
('dm_r', (22, 4, 13, 0, 0, 0, 0, 0, 0, 0))
('snbt', (0,))
('mlk', (5, 20, 2, 0, 0, 0, 0, 0, 2, 0))
('mls', (8, 3, 6, 0, 1, 4, 0, 1, 1, 0))
('gr_h', (13, 0, 0, 0, 4, 13, 4, 0, 0, 0))
('snbd', (0,))
('gr_m', (13, 7, 6, 0, 7, 5, 1, 0, 0, 0))
('hdn', (2, 5, 21, 0, 0, 0, 0, 0, 0, 0))
('hdm', (25, 8, 0, 0, 0, 0, 0, 0, 0, 0))
('gnn', (0,))
('rbb', (0,))
('qm_T', (9, 3, 11, 1, 2, 2, 1, 1, 2, 0))
('Swt', (9, 0, 9, 0, 0, 0, 0, 0, 0, 0))
('kWskWs', (10, 5, 5, 0, 0, 0, 0, 0, 5, 0))
('qy_m', (3, 7, 3, 0, 0, 0, 0, 7, 7, 0))
('mql', (16, 4, 8, 0, 0, 4, 0, 0, 0, 0))
('SqT', (5, 10, 10, 0, 0, 10, 0, 0, 0, 0))
('kWr_y', (0,))
('qy_r', (12, 5, 8, 0, 5, 1, 0, 1, 1, 0))
('k`w', (30, 0, 3, 0, 0, 0, 0, 0, 0, 0))
('dmdm', (13, 0, 9, 0, 0, 0, 0, 0, 0, 0))
('mWlq', (0,))
('T`s', (1, 3, 4, 0, 0, 1, 0, 1, 0, 0))
('n!s', (5, 0, 0, 0, 0, 0, 0, 0, 0, 0))
('glgl', (6, 1, 16, 3, 0, 6, 0, 1, 0, 0))
('lqq', (12, 2, 22, 0, 0, 0, 0, 0, 0, 0))
('T`y', (0,))
('knakn', (8, 1, 11, 1, 1, 4, 0, 0, 0, 0))
('T`m', (7, 0, 0, 1, 0, 0, 0, 0, 0, 0))
('mHl', (0,))
('fk_r', (0,))
('dgm', (13, 0, 10, 0, 0, 0, 0, 0, 0, 0))
('naby', (0, 0, 3, 0, 0, 3, 0, 0, 0, 0))
('tnkf', (10, 2, 6, 0, 2, 0, 1, 0, 0, 0))
('mHw', (0,))
('mzn', (6, 2, 6, 2, 0, 4, 2, 0, 2, 0))
('mHr', (16, 4, 0, 0, 0, 0, 0, 0, 0, 0))
('dr_k', (17, 2, 8, 0, 2, 2, 0, 0, 0, 0))
('gd_d', (7, 5, 9, 0, 2, 5, 0, 0, 1, 0))
('Sn`', (21, 0, 10, 5, 0, 0, 0, 0, 0, 0))
('mkk', (0,))
('dr_b', (5, 8, 11, 0, 0, 2, 0, 0, 0, 0))
('HgHg', (0,))
('mHdr', (0,))
('gd_s', (3, 2, 8, 0, 2, 5, 1, 2, 2, 0))
('dngS', (0,))
('dr_r', (4, 8, 4, 0, 0, 12, 8, 0, 0, 0))
('drf', (6, 8, 8, 0, 0, 0, 0, 0, 0, 0))
('rgS', (15, 5, 5, 0, 0, 7, 2, 0, 0, 0))
('sw_r', (14, 4, 20, 0, 0, 0, 1, 0, 1, 0))
('md_b', (12, 4, 9, 4, 1, 3, 1, 0, 2, 0))
('s|tarr', (0,))
('gdf', (15, 0, 2, 0, 0, 5, 0, 0, 0, 0))
('qlTf', (0,))
('sw_`', (0,))
('gWz_y', (0,))
('qb!', (20, 15, 10, 0, 0, 0, 0, 0, 0, 0))
('hbtm', (0,))
('fS_m', (20, 0, 8, 0, 1, 0, 0, 0, 0, 0))
('sk_m', (8, 3, 9, 0, 0, 6, 2, 0, 0, 0))
('!k_b', (9, 2, 15, 1, 0, 3, 0, 0, 0, 0))
('rs_`', (12, 1, 1, 0, 0, 0, 0, 1, 0, 0))
('str', (0, 0, 0, 0, 0, 10, 0, 0, 0, 0))
('dql', (0,))
('rgm', (7, 14, 0, 0, 0, 14, 0, 0, 0, 0))
('S`dw', (0,))
('dHn', (5, 0, 0, 0, 0, 0, 0, 0, 0, 0))
('qwm', (0,))
('Cn_q', (6, 2, 10, 0, 4, 5, 0, 2, 1, 0))
('s`l', (0,))
('s`m', (8, 0, 0, 0, 0, 0, 0, 0, 0, 0))
('`nqS', (0,))
('Tr`', (0,))
('s`b', (5, 0, 2, 0, 0, 0, 0, 0, 0, 0))
('Try', (0, 0, 12, 0, 0, 0, 0, 0, 0, 0))
('Trx', (0,))
('s`r', (9, 5, 4, 0, 0, 1, 0, 0, 0, 0))
('rk_s', (0,))
('dHr', (0, 0, 0, 0, 0, 20, 0, 0, 0, 0))
('SbSb', (13, 0, 10, 0, 0, 3, 0, 0, 0, 0))
('gadm', (15, 10, 5, 0, 5, 0, 0, 0, 5, 0))
('brabr', (17, 3, 2, 0, 1, 7, 2, 0, 0, 0))
('zll', (0,))
('`nqf', (13, 4, 4, 0, 0, 4, 4, 0, 0, 0))
('mhz', (14, 6, 0, 0, 0, 2, 0, 0, 0, 0))
('gm_t', (17, 6, 4, 0, 0, 0, 0, 0, 0, 0))
('kWn_n', (13, 0, 5, 0, 0, 0, 0, 0, 0, 0))
('mHalf', (0,))
('mhr', (5, 1, 5, 0, 0, 6, 1, 0, 1, 0))
('qw_`', (0,))
('kdn', (10, 4, 9, 1, 2, 0, 1, 0, 0, 0))
('rkb', (12, 2, 9, 2, 0, 1, 0, 0, 1, 0))
('HT!', (0,))
('qd_m', (0, 7, 0, 0, 21, 0, 0, 0, 7, 0))
('dhss', (15, 0, 15, 0, 0, 0, 0, 0, 0, 0))
('`ll', (16, 0, 5, 0, 0, 0, 0, 0, 0, 0))
('kd`', (0,))
('faSy', (0,))
('qWsl', (0,))
('`bll', (18, 6, 3, 0, 0, 0, 0, 0, 0, 0))
('qb_l', (8, 3, 9, 0, 4, 5, 2, 1, 1, 0))
('dngWy', (0,))
('whb', (17, 2, 2, 0, 0, 0, 0, 0, 0, 0))
('Hkk', (15, 3, 0, 0, 0, 0, 0, 0, 0, 0))
('qWnSb', (0,))
('rd_!', (9, 1, 1, 0, 4, 5, 3, 0, 0, 0))
('nfr', (0,))
('ndH', (0,))
('qn_y', (0,))
('!w_j', (30, 0, 3, 0, 0, 0, 0, 0, 0, 0))
('zzw', (0,))
('!w_d', (0,))
('srH', (14, 3, 5, 6, 0, 1, 1, 0, 0, 0))
('mlkt', (11, 0, 4, 0, 1, 7, 1, 0, 0, 0))
('srS', (0,))
('qn`', (0,))
('rx_n', (19, 0, 23, 0, 0, 0, 0, 0, 0, 0))
('hl_w', (0,))
('gWbT', (8, 12, 8, 0, 4, 8, 0, 0, 0, 0))
('Hbr', (24, 1, 2, 0, 0, 2, 0, 0, 0, 0))
('rgf', (0,))
('bsl', (0,))
('sr`', (10, 5, 3, 6, 1, 4, 2, 0, 0, 0))
('kry', (6, 0, 0, 0, 25, 0, 0, 0, 0, 0))
('n|CbCb', (0,))
('qWSr', (11, 1, 11, 0, 3, 0, 0, 0, 0, 0))
('m`bl', (0,))
('mTT', (5, 10, 0, 0, 0, 0, 0, 0, 0, 0))
('ndf', (20, 5, 8, 2, 0, 0, 0, 0, 0, 0))
('srq', (14, 3, 3, 0, 3, 0, 3, 0, 0, 0))
('rarw', (0,))
('gW|rmrm', (0,))
('qrb', (13, 0, 6, 0, 0, 4, 1, 0, 0, 0))
('l`l', (14, 4, 3, 0, 0, 1, 1, 0, 0, 0))
('g`z', (0, 0, 0, 0, 0, 0, 0, 0, 0, 0))
('tk_!', (11, 0, 4, 0, 0, 0, 0, 1, 0, 0))
('g`r', (10, 0, 10, 0, 0, 0, 0, 0, 0, 0))
('lagS', (14, 3, 17, 0, 0, 0, 7, 0, 0, 0))
('n|TlTl', (20, 6, 13, 0, 0, 0, 3, 0, 0, 0))
('mskr', (37, 2, 0, 0, 0, 0, 0, 0, 0, 0))
('gl_l', (11, 3, 15, 0, 3, 0, 0, 3, 0, 0))
('zHl', (0,))
('`lb', (0,))
('xyT', (9, 4, 7, 0, 0, 0, 0, 0, 0, 0))
('klkl', (16, 4, 6, 0, 6, 0, 0, 0, 0, 0))
('qrS', (17, 11, 8, 0, 0, 0, 0, 0, 0, 0))
('mkr', (14, 0, 9, 0, 0, 0, 0, 0, 0, 0))
('tsfy', (18, 0, 0, 0, 18, 0, 0, 0, 0, 0))
('!z_z', (13, 0, 13, 0, 1, 3, 0, 0, 0, 0))
('gWn_S', (0, 7, 21, 0, 0, 21, 0, 0, 0, 0))
('hd!', (0,))
('Hb!', (14, 4, 2, 5, 3, 1, 2, 0, 0, 0))
('tns!', (0,))
('mbaS`', (13, 0, 4, 0, 4, 0, 0, 0, 0, 0))
('sdd', (12, 2, 14, 0, 0, 5, 0, 0, 1, 0))
('fn_w', (16, 1, 8, 1, 0, 0, 0, 0, 1, 0))
('dmS', (0,))
('qany', (16, 5, 16, 0, 0, 0, 0, 0, 0, 0))
('nSh', (0,))
('Cm_t', (0,))
('Htm', (13, 6, 9, 1, 0, 0, 0, 0, 0, 0))
('`Sw', (18, 4, 3, 0, 0, 1, 1, 0, 0, 0))
('nSg', (23, 0, 9, 0, 0, 0, 0, 0, 0, 0))
('dmq', (0,))
('xwm', (23, 0, 15, 0, 0, 0, 0, 0, 0, 0))
('brkt', (33, 0, 0, 0, 0, 8, 0, 0, 0, 0))
('fdy', (6, 0, 8, 0, 0, 1, 1, 0, 1, 0))
('dmy', (0,))
('`Sf', (3, 0, 6, 0, 0, 3, 3, 0, 0, 0))
('`Sd', (20, 0, 6, 0, 0, 0, 0, 0, 0, 0))
('Cnw', (0,))
('SnH', (0, 0, 0, 0, 0, 0, 0, 0, 0, 0))
('sgW_m', (0,))
('fkWs', (0,))
('hq_n', (0,))
('sl_m', (11, 11, 8, 2, 0, 0, 0, 0, 0, 0))
('gb_!', (10, 0, 0, 2, 2, 0, 0, 0, 0, 0))
('rbrb', (0,))
('myT', (0,))
('!kl', (0,))
('Cr_s', (0,))
('qyH', (0,))
('!lm', (25, 0, 6, 0, 6, 0, 0, 0, 0, 0))
('Hfs', (15, 0, 1, 0, 0, 0, 0, 0, 0, 0))
('hnS', (16, 2, 7, 0, 0, 0, 0, 0, 0, 0))
('sql', (10, 5, 10, 0, 3, 1, 1, 0, 0, 0))
('gWj_l', (0,))
('!mazn', (0,))
('qWT_b', (9, 2, 12, 0, 3, 5, 2, 0, 2, 0))
('sndw', (6, 6, 6, 0, 0, 6, 0, 0, 0, 0))
('fss', (0,))
('zwtr', (11, 0, 11, 0, 0, 0, 0, 0, 0, 0))
('masy', (0,))
