('lly', (25, 0, 0, 0, 5, 0, 0, 0, 0, 0))
('!n_n', (10, 30, 0, 0, 0, 0, 10, 0, 0, 0))
('`d_m', (13, 5, 7, 1, 1, 5, 1, 0, 1, 0))
('`d_l', (17, 2, 9, 0, 0, 5, 0, 0, 0, 0))
('sn_y', (6, 3, 0, 0, 0, 6, 0, 0, 0, 0))
('trgWm', (3, 1, 9, 0, 0, 4, 0, 1, 2, 0))
('`d_g', (5, 5, 10, 0, 3, 2, 3, 0, 2, 0))
('msgn', (7, 7, 7, 0, 7, 0, 7, 0, 0, 0))
('fHr', (7, 0, 10, 0, 0, 7, 5, 0, 2, 0))
('CbCb', (5, 0, 0, 0, 0, 0, 0, 0, 0, 0))
('mwt', (8, 3, 7, 0, 2, 1, 1, 1, 1, 0))
('xk_m', (0,))
('wk_l', (11, 1, 10, 0, 1, 1, 1, 0, 0, 0))
('hw_k', (15, 0, 5, 2, 2, 0, 5, 0, 0, 0))
('nwH', (6, 0, 0, 0, 3, 3, 0, 0, 0, 0))
('zmt', (12, 0, 16, 0, 0, 1, 3, 1, 3, 0))
('wS!', (13, 5, 6, 2, 1, 4, 2, 0, 1, 0))
('Hqq', (10, 5, 18, 0, 0, 0, 0, 0, 0, 0))
('tr_t', (0,))
('ngWd', (9, 0, 4, 0, 0, 0, 13, 9, 0, 0))
('HrHr', (0,))
('jl_b', (7, 0, 7, 0, 0, 0, 0, 7, 0, 7))
('wsd', (8, 2, 10, 1, 2, 3, 1, 1, 1, 0))
('ngWS', (0,))
('sr_t', (17, 0, 14, 0, 1, 3, 1, 1, 0, 0))
('wg_d', (6, 2, 6, 0, 2, 4, 12, 0, 2, 0))
('trf', (12, 2, 3, 2, 0, 2, 1, 0, 0, 0))
('gWlbb', (15, 0, 3, 0, 0, 0, 3, 0, 3, 0))
('wg_z', (25, 0, 0, 0, 0, 8, 8, 0, 0, 0))
('!by', (12, 8, 5, 1, 0, 1, 1, 1, 0, 0))
('`mbb', (18, 0, 4, 0, 0, 4, 0, 4, 0, 0))
('Hx_x', (8, 0, 8, 0, 0, 0, 8, 0, 0, 0))
('mSy', (11, 6, 0, 2, 0, 1, 1, 0, 0, 0))
('nbr', (13, 3, 8, 1, 2, 3, 1, 1, 1, 0))
('bakn', (22, 0, 0, 0, 0, 0, 0, 0, 0, 0))
('xt_t', (14, 2, 2, 0, 2, 2, 2, 0, 0, 0))
('`l_m', (11, 4, 9, 0, 0, 3, 4, 0, 0, 0))
('nbb', (3, 1, 2, 3, 10, 3, 3, 0, 3, 0))
('Smd', (11, 2, 2, 2, 2, 2, 2, 0, 0, 0))
('kw_l', (11, 3, 5, 0, 0, 0, 5, 1, 1, 0))
('wr_b', (0,))
('Sw_r', (0,))
('nbH', (16, 2, 11, 0, 0, 0, 0, 2, 2, 0))
('zrb', (0, 0, 1, 29, 0, 0, 1, 0, 0, 0))
('Sw_`', (4, 2, 8, 1, 1, 7, 3, 1, 0, 0))
('hd_d', (5, 0, 22, 0, 0, 0, 0, 0, 0, 0))
('lw_T', (9, 0, 9, 0, 0, 6, 2, 0, 0, 0))
('`r_y', (6, 3, 0, 3, 0, 9, 0, 3, 3, 0))
('lq_H', (0, 0, 14, 0, 0, 4, 0, 0, 9, 0))
('glS', (9, 3, 9, 1, 3, 4, 2, 0, 1, 0))
('kzn', (10, 5, 15, 10, 0, 0, 5, 0, 0, 0))
('mS!', (13, 5, 8, 3, 2, 2, 1, 0, 0, 0))
('TrTr', (15, 4, 4, 0, 2, 1, 2, 1, 0, 0))
('drz', (12, 6, 6, 0, 0, 3, 3, 3, 0, 0))
('kss', (11, 1, 7, 2, 2, 2, 2, 0, 0, 0))
('nqnq', (19, 9, 2, 0, 0, 0, 2, 0, 0, 2))
('tnfs', (0,))
('wdq', (10, 4, 8, 1, 3, 2, 1, 2, 0, 0))
('jrbb', (0,))
('zr!', (8, 1, 11, 1, 1, 0, 2, 0, 0, 0))
('Tlf', (8, 0, 0, 0, 8, 0, 0, 0, 0, 0))
('sgr', (7, 3, 9, 2, 1, 7, 2, 0, 1, 0))
('brr', (5, 5, 4, 2, 2, 9, 0, 1, 1, 0))
('mn_y', (6, 1, 1, 0, 8, 7, 1, 1, 1, 0))
('gnSl', (7, 2, 0, 0, 2, 10, 7, 0, 5, 0))
('Cflq', (26, 0, 7, 0, 3, 3, 0, 0, 0, 0))
('brh', (8, 1, 2, 7, 0, 0, 0, 0, 1, 0))
('Hg_z', (11, 2, 11, 1, 0, 3, 1, 1, 2, 0))
('ntgW', (0,))
('tnby', (0,))
('lwy', (0,))
('wl_`', (9, 2, 12, 1, 4, 2, 2, 1, 0, 0))
('Hs_w', (8, 3, 5, 3, 3, 1, 5, 1, 0, 0))
('dnn', (16, 2, 8, 0, 2, 0, 2, 2, 0, 0))
('`Tq', (12, 6, 9, 0, 0, 4, 1, 0, 1, 0))
('msl', (15, 2, 6, 0, 1, 1, 1, 1, 1, 0))
('nkWl', (0,))
('nSnS', (0,))
('`w_t', (13, 0, 5, 0, 0, 7, 7, 0, 0, 0))
('Hw_s', (6, 3, 10, 0, 1, 3, 7, 2, 1, 0))
('qdd', (6, 0, 10, 0, 3, 3, 0, 0, 10, 0))
('Tw_y', (3, 3, 11, 0, 0, 0, 3, 0, 0, 0))
('Hmxx', (0, 0, 7, 0, 0, 14, 7, 0, 7, 0))
('Hw_y', (13, 4, 3, 0, 2, 2, 1, 4, 0, 0))
('flT', (5, 1, 8, 1, 3, 6, 2, 1, 3, 0))
('nks', (16, 6, 6, 0, 4, 2, 2, 0, 0, 0))
('lHs', (6, 0, 6, 0, 0, 0, 6, 0, 0, 0))
('rk!', (0,))
('Sb_y', (5, 2, 0, 0, 0, 2, 0, 0, 2, 2))
('fly', (7, 2, 2, 0, 0, 4, 3, 0, 0, 0))
('gnzb', (8, 0, 5, 0, 0, 8, 11, 2, 5, 0))
('`by', (10, 2, 7, 0, 1, 2, 2, 0, 0, 0))
('Tf!', (13, 1, 4, 3, 0, 1, 0, 0, 0, 0))
('qdH', (9, 3, 7, 3, 5, 0, 5, 0, 0, 0))
('lT_f', (11, 0, 11, 0, 3, 7, 7, 0, 3, 0))
('Hlm', (9, 4, 9, 0, 2, 9, 2, 1, 2, 0))
('Tm_t', (7, 4, 7, 1, 3, 4, 2, 0, 0, 0))
('nqWH', (7, 0, 23, 0, 0, 0, 0, 0, 0, 0))
('Hlf', (12, 3, 6, 1, 1, 4, 2, 1, 0, 0))
('Hk_m', (4, 8, 10, 0, 0, 4, 2, 2, 2, 0))
('hnTy', (0,))
('!sr', (11, 2, 12, 0, 0, 1, 2, 0, 2, 0))
('lmS', (0,))
('lg_b', (23, 15, 0, 0, 3, 0, 3, 0, 0, 0))
('b`T', (0,))
('kyd', (7, 3, 5, 0, 4, 5, 2, 1, 2, 0))
('wn_n', (5, 1, 10, 0, 1, 3, 1, 0, 0, 0))
('SfH', (0,))
('wany', (3, 0, 0, 3, 6, 3, 0, 3, 0, 6))
('!ngd', (0,))
('bkWr', (16, 4, 4, 0, 4, 0, 4, 0, 0, 0))
('kt_l', (0,))
('HC_C', (22, 5, 16, 0, 0, 0, 0, 0, 0, 0))
('wd_!', (7, 1, 7, 1, 5, 5, 4, 0, 2, 0))
('zm_r', (7, 2, 12, 1, 2, 8, 1, 1, 1, 1))
('!ly', (8, 1, 6, 0, 1, 3, 4, 0, 2, 0))
('!ry', (6, 6, 6, 2, 2, 9, 2, 0, 0, 0))
('b`l', (10, 2, 8, 0, 0, 2, 2, 2, 0, 0))
('jm_r', (9, 4, 8, 0, 3, 5, 2, 1, 1, 0))
('zk_r', (6, 3, 5, 0, 3, 6, 2, 2, 2, 0))
('ghS', (0,))
('mr`w', (0,))
('gz!', (3, 1, 9, 2, 2, 4, 1, 0, 2, 0))
('TT_`', (11, 16, 5, 5, 0, 0, 0, 0, 0, 0))
('bky', (7, 3, 5, 1, 0, 1, 1, 3, 3, 0))
('w`l', (6, 3, 6, 0, 3, 3, 2, 1, 1, 0))
('znb', (26, 0, 4, 0, 0, 0, 4, 0, 0, 0))
('xql', (0,))
('wt_f', (6, 13, 13, 0, 0, 0, 6, 0, 0, 0))
('ghd', (7, 0, 7, 0, 0, 0, 0, 0, 0, 0))
('w`y', (6, 0, 3, 0, 10, 0, 0, 6, 0, 0))
('tall', (16, 0, 0, 0, 5, 0, 0, 0, 0, 0))
('wf_y', (4, 5, 7, 0, 2, 0, 2, 0, 1, 0))
('dnagr', (0,))
('Hry', (10, 5, 3, 0, 1, 7, 1, 0, 0, 0))
('Slmt', (28, 9, 0, 0, 0, 0, 0, 1, 0, 0))
('l!k', (8, 9, 3, 1, 2, 3, 0, 0, 1, 0))
('kbb', (9, 1, 9, 3, 0, 3, 1, 0, 1, 0))
('rTrT', (0,))
('zt_y', (5, 0, 8, 0, 0, 4, 1, 0, 0, 0))
('Hrr', (14, 4, 9, 0, 0, 2, 0, 9, 0, 0))
('TbH', (0,))
('mrkWs', (0,))
('kbr', (14, 1, 3, 0, 4, 3, 1, 1, 2, 0))
('Hrd', (4, 0, 17, 0, 2, 10, 1, 1, 2, 0))
('wrd', (17, 1, 3, 0, 1, 2, 1, 0, 1, 0))
('gWd!', (6, 0, 9, 1, 0, 0, 0, 0, 0, 0))
('!tw', (10, 4, 8, 0, 0, 3, 1, 2, 0, 0))
('Tbq', (16, 5, 2, 13, 0, 0, 2, 0, 0, 0))
('nTr', (11, 9, 7, 0, 2, 0, 4, 2, 0, 0))
('`q_n', (5, 0, 22, 0, 0, 5, 11, 0, 0, 0))
('wrr', (13, 6, 8, 0, 0, 3, 1, 2, 1, 0))
('kx_n', (5, 0, 5, 0, 0, 0, 5, 0, 0, 0))
('ws_k', (12, 2, 7, 0, 1, 3, 1, 2, 1, 0))
('bkW`', (0,))
('nTb', (21, 7, 3, 0, 0, 0, 0, 0, 0, 0))
('ws_n', (10, 4, 8, 0, 2, 3, 2, 0, 1, 0))
('qWlb', (0,))
('nfH', (10, 5, 8, 2, 0, 0, 5, 0, 2, 0))
('bt_n', (17, 3, 8, 0, 0, 0, 1, 0, 5, 0))
('nady', (0,))
('fHfH', (0,))
('lzb', (0,))
('Sl_y', (3, 2, 9, 2, 1, 6, 0, 1, 2, 3))
('qhm', (18, 6, 6, 0, 6, 0, 0, 0, 0, 0))
('gWdl', (28, 1, 2, 0, 0, 0, 0, 0, 0, 0))
('nfs', (14, 0, 3, 0, 1, 10, 1, 0, 0, 0))
('xf_n', (10, 0, 12, 2, 0, 2, 2, 0, 1, 0))
('zwr', (8, 2, 7, 0, 2, 3, 0, 4, 0, 0))
('Hmbs', (9, 4, 13, 0, 4, 0, 4, 0, 0, 0))
('nS_r', (28, 0, 2, 0, 0, 0, 0, 5, 0, 0))
('mxmx', (16, 2, 5, 0, 2, 0, 0, 0, 2, 0))
('k!l', (7, 2, 6, 0, 4, 5, 2, 1, 2, 0))
('ftH', (7, 1, 8, 2, 0, 5, 1, 0, 3, 0))
('gff', (11, 3, 7, 1, 1, 1, 1, 0, 0, 0))
('kWms`', (0,))
('lm_n', (8, 3, 8, 0, 3, 4, 1, 2, 1, 0))
('ftw', (8, 3, 8, 1, 1, 5, 0, 1, 2, 0))
('wT_H', (0, 0, 33, 0, 0, 0, 0, 0, 8, 0))
('smr', (21, 0, 6, 0, 0, 2, 0, 0, 1, 0))
('zntw', (0,))
('gfH', (20, 3, 6, 0, 0, 0, 3, 0, 0, 0))
('wT_T', (14, 5, 5, 0, 2, 0, 2, 0, 0, 2))
('bl`', (6, 1, 10, 1, 1, 4, 2, 1, 1, 0))
('sm`', (4, 1, 6, 1, 4, 5, 2, 0, 1, 0))
('sbr', (12, 2, 10, 0, 1, 0, 4, 0, 0, 0))
('mmy', (2, 5, 5, 0, 4, 13, 4, 0, 1, 0))
('gTm', (15, 2, 9, 0, 0, 2, 1, 0, 0, 0))
('Tlb', (9, 2, 12, 1, 0, 4, 1, 0, 2, 0))
('lmm', (0, 6, 0, 6, 0, 0, 0, 26, 0, 0))
('sbk', (7, 2, 11, 0, 1, 5, 0, 0, 3, 0))
('lmd', (8, 3, 6, 0, 5, 5, 1, 1, 0, 0))
('Tll', (0,))
('wg!', (11, 0, 7, 2, 0, 2, 2, 0, 0, 0))
('Sg_n', (10, 0, 14, 0, 0, 3, 1, 0, 0, 0))
('Sg_m', (19, 0, 2, 0, 2, 2, 3, 1, 1, 0))
('Sg_b', (12, 5, 10, 1, 4, 6, 1, 0, 0, 0))
('Sg_`', (0, 0, 19, 0, 0, 4, 0, 4, 0, 0))
('sTH', (0,))
('SHf', (5, 2, 6, 0, 4, 3, 4, 0, 2, 0))
('nq_w', (15, 0, 0, 0, 15, 0, 0, 0, 0, 0))
('wld', (9, 4, 8, 0, 1, 2, 2, 3, 1, 0))
('kft', (11, 4, 7, 1, 4, 3, 2, 0, 1, 0))
('nk_y', (12, 1, 1, 0, 0, 0, 0, 0, 0, 0))
('wqs', (16, 1, 5, 1, 0, 1, 0, 0, 1, 0))
('mxTr', (0,))
('wnCf', (6, 0, 6, 0, 0, 6, 6, 0, 0, 0))
('kfl', (8, 2, 9, 0, 3, 4, 2, 2, 3, 0))
('Sl!', (4, 3, 7, 0, 5, 5, 3, 0, 1, 0))
('`nw', (20, 8, 10, 0, 0, 0, 0, 0, 0, 0))
('wq`', (8, 2, 5, 0, 0, 5, 3, 0, 0, 0))
('b!s', (20, 3, 6, 0, 3, 0, 1, 0, 0, 0))
('rHq', (15, 3, 5, 0, 0, 4, 2, 1, 0, 0))
('dgWH', (0,))
('dfr', (5, 2, 8, 0, 5, 5, 1, 2, 0, 0))
('n|qTqT', (0,))
('mr_q', (9, 3, 7, 0, 3, 7, 5, 0, 0, 1))
('laSy', (0,))
('qnTT', (9, 3, 6, 3, 3, 0, 3, 3, 3, 0))
('Tnqq', (0, 0, 0, 0, 0, 8, 0, 16, 25, 0))
('fTr', (14, 1, 8, 1, 1, 2, 3, 0, 1, 0))
('Hdr', (10, 2, 7, 1, 1, 2, 1, 1, 2, 0))
('s!l', (14, 3, 7, 0, 1, 1, 2, 0, 2, 0))
('Slw', (15, 1, 10, 0, 0, 2, 0, 0, 0, 0))
('Hdg', (9, 6, 7, 0, 2, 3, 3, 1, 1, 0))
('qll', (36, 2, 0, 0, 0, 0, 0, 0, 0, 0))
('mg_b', (4, 1, 6, 1, 1, 6, 5, 3, 2, 0))
('HkWr', (10, 5, 7, 2, 0, 2, 0, 0, 0, 0))
('ql`', (6, 3, 7, 1, 4, 0, 4, 0, 0, 0))
('gyx', (4, 6, 9, 0, 1, 1, 3, 3, 3, 0))
('stf', (0,))
('rsH', (10, 0, 20, 0, 0, 10, 0, 0, 0, 0))
('Hb_r', (9, 4, 9, 0, 3, 4, 2, 1, 2, 0))
('dany', (12, 0, 0, 0, 0, 2, 0, 2, 2, 0))
('qlT', (0,))
('rgWd', (0,))
('Hd_s', (11, 11, 0, 0, 3, 7, 3, 0, 0, 0))
('mWg_s', (30, 0, 10, 0, 0, 0, 10, 0, 0, 0))
('msrt', (5, 3, 13, 1, 1, 6, 1, 0, 0, 0))
('df!', (5, 2, 7, 1, 0, 2, 2, 1, 0, 0))
('sty', (7, 1, 7, 0, 1, 5, 3, 0, 2, 0))
('lbs', (12, 3, 10, 0, 3, 0, 1, 0, 2, 0))
('Tq`', (6, 13, 0, 0, 0, 0, 6, 0, 0, 0))
('bhl', (7, 3, 8, 1, 3, 4, 2, 2, 2, 0))
('lbw', (0, 0, 0, 12, 6, 6, 0, 0, 0, 0))
('Tqm', (10, 0, 6, 1, 0, 1, 0, 0, 0, 0))
('nqf', (7, 2, 12, 1, 1, 1, 2, 0, 1, 0))
('Tqs', (8, 2, 4, 0, 9, 8, 4, 1, 2, 0))
('nql', (9, 6, 7, 1, 4, 1, 1, 1, 2, 0))
('nqS', (17, 0, 5, 1, 0, 0, 1, 1, 0, 0))
('db_s', (14, 2, 0, 4, 0, 0, 7, 0, 7, 0))
('wlwl', (5, 5, 5, 0, 5, 0, 5, 0, 5, 0))
('Trnf', (15, 5, 4, 1, 1, 4, 1, 1, 0, 0))
('fxl', (21, 1, 6, 0, 1, 2, 0, 0, 0, 0))
('blaxw', (0,))
('sHq', (12, 4, 5, 0, 2, 7, 0, 0, 0, 0))
('ndd', (19, 3, 1, 1, 3, 0, 0, 1, 0, 0))
('sHt', (5, 4, 5, 0, 5, 5, 1, 1, 1, 0))
('mz_z', (20, 3, 9, 0, 1, 5, 3, 0, 0, 0))
('sfy', (12, 0, 3, 0, 0, 0, 0, 0, 0, 0))
('dbdb', (8, 2, 2, 2, 2, 5, 5, 0, 0, 0))
('mrS', (8, 3, 9, 0, 2, 5, 3, 2, 2, 0))
('n|saff', (0,))
('sHb', (10, 4, 4, 0, 1, 1, 1, 0, 0, 0))
('mrH', (6, 1, 9, 2, 1, 2, 0, 1, 1, 0))
('HgW_s', (24, 0, 4, 0, 0, 4, 6, 4, 0, 0))
('sff', (10, 0, 10, 0, 0, 0, 0, 21, 0, 0))
('qals', (4, 0, 4, 0, 0, 4, 8, 4, 4, 0))
('sHl', (18, 0, 9, 0, 4, 4, 4, 0, 0, 0))
('n|saHb', (0,))
('gWyy', (6, 3, 8, 0, 1, 3, 1, 1, 1, 0))
('n|qsaqs', (0,))
('`gt', (18, 1, 8, 0, 0, 3, 0, 0, 0, 0))
('qWTqWT', (0,))
('nx_w', (0,))
('rhS', (10, 0, 7, 0, 0, 4, 11, 0, 0, 0))
('ml_s', (9, 6, 7, 0, 3, 2, 2, 1, 1, 0))
('qS_l', (8, 1, 9, 1, 4, 5, 1, 2, 2, 0))
('sfH', (17, 1, 5, 0, 0, 0, 0, 0, 0, 0))
('badm', (12, 6, 0, 0, 0, 0, 3, 0, 0, 0))
('dn_q', (0,))
('HSb', (6, 3, 10, 0, 1, 3, 3, 0, 1, 0))
('tkl', (7, 3, 7, 1, 0, 4, 2, 0, 1, 0))
('tkk', (9, 3, 3, 3, 6, 0, 0, 0, 0, 0))
('HSr', (23, 3, 0, 0, 0, 0, 2, 0, 0, 0))
('`rf', (11, 5, 4, 0, 1, 3, 2, 0, 4, 0))
('n|Sbarq', (0,))
('HSy', (9, 0, 9, 3, 0, 6, 3, 0, 0, 3))
('mrmr', (3, 4, 8, 2, 0, 7, 2, 0, 0, 0))
('ngf', (7, 14, 14, 0, 7, 0, 7, 0, 0, 0))
('nzH', (4, 0, 20, 2, 0, 0, 0, 0, 0, 0))
('HqWf', (11, 10, 4, 0, 1, 1, 1, 1, 0, 0))
('HqWn', (11, 0, 3, 3, 0, 0, 11, 0, 3, 0))
('hrm', (13, 7, 9, 1, 0, 1, 1, 0, 0, 0))
('`yy', (6, 2, 5, 0, 0, 7, 1, 3, 2, 0))
('ngr', (8, 4, 7, 1, 3, 2, 2, 2, 2, 0))
('S`r', (6, 3, 6, 0, 0, 7, 2, 0, 1, 0))
('SmWq', (0, 10, 0, 0, 0, 0, 0, 0, 0, 10))
('dw_l', (5, 3, 4, 2, 4, 1, 4, 4, 3, 0))
('Hrq', (7, 4, 12, 0, 4, 3, 0, 1, 0, 0))
('Hnqq', (0,))
('wHT', (9, 4, 4, 0, 0, 3, 0, 0, 0, 0))
('bSH', (8, 2, 7, 1, 1, 5, 0, 1, 1, 0))
('Hrs', (9, 2, 9, 0, 2, 2, 1, 2, 0, 0))
('!rg', (11, 6, 8, 0, 1, 5, 5, 0, 1, 0))
('tb`', (15, 5, 5, 0, 0, 5, 5, 5, 0, 0))
('drgm', (0,))
('snTq', (5, 7, 5, 0, 0, 5, 3, 1, 1, 0))
('Snqq', (12, 8, 12, 0, 4, 0, 0, 0, 0, 0))
('rqWH', (5, 2, 5, 2, 0, 5, 2, 0, 0, 0))
('tkW_s', (9, 2, 5, 0, 1, 2, 5, 1, 1, 0))
('fqd', (13, 2, 4, 0, 2, 2, 1, 0, 1, 0))
('dq_s', (7, 4, 8, 0, 3, 6, 1, 2, 1, 0))
('THn', (0, 6, 3, 0, 0, 0, 3, 0, 0, 0))
('THl', (5, 9, 5, 0, 2, 4, 2, 0, 0, 0))
('gbr', (9, 2, 10, 1, 2, 4, 2, 1, 2, 0))
('wHs', (15, 0, 7, 0, 0, 0, 0, 0, 0, 0))
('fqr', (0,))
('wHz', (16, 0, 12, 0, 0, 0, 0, 0, 0, 0))
('Tmr', (11, 5, 5, 0, 2, 5, 5, 0, 0, 0))
('gW`z', (6, 0, 2, 0, 0, 8, 0, 0, 0, 0))
('qlql', (0,))
('ft_n', (7, 2, 9, 0, 3, 2, 2, 2, 3, 0))
('gWasy', (2, 2, 8, 0, 0, 5, 5, 0, 0, 0))
('bar`', (0,))
('zrgH', (6, 2, 9, 2, 1, 6, 2, 0, 0, 0))
('!g_d', (15, 0, 7, 2, 0, 0, 0, 2, 0, 0))
('qtl', (10, 2, 11, 0, 2, 4, 2, 1, 1, 0))
('Hsb', (5, 3, 8, 0, 2, 7, 3, 2, 2, 0))
('qS`', (9, 3, 9, 0, 0, 1, 0, 0, 0, 0))
('fann', (0,))
('Htt', (7, 3, 8, 0, 4, 5, 3, 1, 2, 0))
('dlw', (17, 5, 3, 0, 10, 3, 2, 1, 2, 0))
('dly', (4, 2, 6, 0, 3, 4, 2, 1, 2, 0))
('Srf', (7, 1, 5, 2, 1, 1, 5, 0, 5, 0))
('saqy', (2, 0, 0, 0, 0, 0, 0, 0, 0, 0))
('`q_b', (5, 2, 6, 1, 1, 11, 3, 0, 1, 0))
('qWrs', (6, 13, 13, 0, 6, 6, 0, 0, 0, 0))
('Srr', (9, 0, 6, 0, 0, 9, 0, 6, 0, 0))
('kW`t', (6, 0, 15, 0, 0, 5, 6, 0, 0, 0))
('Sry', (8, 8, 5, 0, 0, 6, 0, 1, 0, 0))
('qr_m', (0,))
('qr_n', (0,))
('r!y', (5, 4, 6, 0, 0, 3, 0, 0, 1, 0))
('s`s`', (3, 0, 16, 0, 0, 3, 5, 0, 0, 0))
('kt`', (0,))
('dmss', (6, 1, 6, 0, 1, 5, 1, 0, 1, 1))
('qWrS', (10, 3, 7, 0, 5, 1, 3, 2, 0, 0))
('m`ry', (4, 4, 0, 4, 0, 0, 4, 4, 0, 0))
('zbT', (8, 0, 8, 8, 0, 8, 0, 0, 0, 0))
('dkm', (10, 5, 7, 0, 2, 6, 2, 0, 2, 0))
('S`n', (6, 3, 8, 1, 1, 0, 1, 0, 1, 0))
('!mn', (8, 2, 7, 0, 2, 3, 2, 1, 2, 0))
('tmny', (0,))
('frH', (6, 3, 8, 1, 6, 6, 4, 1, 0, 0))
('n`q', (21, 1, 5, 0, 1, 0, 7, 0, 0, 0))
('kwn', (11, 3, 5, 0, 2, 1, 1, 1, 1, 0))
('mHSn', (0,))
('zng`', (2, 0, 11, 0, 4, 8, 1, 1, 2, 0))
('dg_f', (7, 2, 10, 0, 0, 6, 2, 0, 1, 0))
('slky', (3, 3, 9, 0, 0, 3, 3, 0, 0, 0))
('H|xkWxkW', (0,))
('ml!', (8, 3, 5, 1, 2, 1, 1, 0, 1, 0))
('s|tnfs', (0,))
('Sdq', (28, 1, 8, 0, 0, 0, 0, 0, 0, 0))
('frd', (7, 3, 9, 0, 0, 1, 3, 0, 1, 0))
('`ndr', (9, 3, 12, 0, 0, 0, 1, 0, 1, 0))
('frh', (4, 2, 7, 2, 3, 11, 2, 1, 3, 0))
('T|lqlq', (0,))
('mark', (14, 0, 4, 0, 0, 2, 4, 0, 0, 0))
('frs', (24, 4, 4, 0, 0, 0, 2, 0, 0, 0))
('m|brkk', (0,))
('bqWl', (14, 2, 8, 0, 2, 0, 0, 0, 0, 0))
('marr', (0,))
('fry', (10, 1, 3, 0, 0, 1, 1, 1, 0, 0))
('drq', (19, 4, 4, 0, 4, 4, 4, 0, 0, 0))
('tHz', (11, 4, 8, 1, 2, 3, 3, 1, 1, 0))
('dy_b', (6, 3, 7, 0, 0, 2, 5, 2, 2, 0))
('tHt', (10, 12, 4, 0, 0, 0, 0, 1, 0, 0))
('qsm', (7, 6, 16, 0, 2, 7, 3, 0, 0, 0))
('`z_b', (0,))
('gWhy', (8, 2, 4, 0, 0, 7, 1, 0, 0, 0))
('n|fTfT', (0,))
('lgs', (20, 8, 4, 1, 1, 2, 0, 2, 2, 0))
('lw_s', (0,))
('dm_r', (16, 0, 5, 0, 0, 5, 11, 5, 0, 0))
('snbt', (0,))
('mlk', (6, 6, 5, 0, 1, 7, 0, 3, 2, 0))
('mls', (8, 5, 7, 0, 3, 2, 3, 1, 1, 0))
('gr_h', (0, 0, 0, 0, 0, 0, 0, 9, 9, 0))
('snbd', (10, 5, 7, 0, 4, 2, 0, 4, 0, 0))
('gr_m', (30, 4, 0, 0, 0, 0, 0, 0, 0, 0))
('hdn', (8, 1, 14, 2, 1, 1, 1, 0, 0, 0))
('hdm', (7, 1, 13, 0, 1, 4, 3, 0, 2, 0))
('gnn', (25, 0, 5, 0, 0, 5, 5, 0, 0, 0))
('rbb', (0,))
('qm_T', (0,))
('Swt', (0, 0, 0, 0, 0, 7, 0, 0, 0, 0))
('kWskWs', (3, 0, 20, 0, 0, 9, 3, 0, 3, 0))
('qy_m', (0,))
('mql', (14, 4, 6, 0, 2, 2, 6, 0, 0, 0))
('SqT', (10, 6, 10, 0, 1, 3, 3, 1, 1, 0))
('kWr_y', (10, 2, 2, 0, 0, 0, 0, 0, 2, 0))
('qy_r', (8, 1, 8, 0, 3, 5, 2, 1, 3, 0))
('k`w', (12, 8, 4, 0, 16, 0, 8, 0, 0, 0))
('dmdm', (15, 4, 11, 0, 0, 2, 0, 0, 0, 0))
('mWlq', (10, 15, 5, 0, 0, 0, 0, 5, 0, 0))
('T`s', (0,))
('n!s', (13, 3, 5, 0, 3, 0, 1, 0, 0, 0))
('glgl', (0,))
('lqq', (7, 1, 10, 0, 0, 4, 1, 0, 3, 0))
('T`y', (10, 6, 0, 0, 6, 6, 0, 0, 0, 0))
('knakn', (0,))
('T`m', (18, 1, 2, 0, 1, 0, 0, 0, 0, 0))
('mHl', (10, 1, 6, 0, 1, 4, 6, 0, 0, 0))
('fk_r', (17, 0, 8, 0, 0, 0, 0, 0, 5, 0))
('dgm', (8, 4, 6, 0, 2, 6, 2, 0, 2, 0))
('naby', (2, 0, 1, 0, 6, 1, 0, 0, 0, 2))
('tnkf', (10, 4, 2, 0, 1, 2, 0, 0, 1, 0))
('mHw', (6, 0, 3, 0, 0, 10, 3, 0, 0, 0))
('mzn', (7, 0, 8, 2, 0, 5, 2, 1, 0, 0))
('mHr', (9, 0, 4, 0, 0, 0, 1, 4, 1, 0))
('dr_k', (29, 0, 7, 0, 1, 0, 0, 0, 0, 0))
('gd_d', (28, 2, 4, 0, 2, 1, 1, 1, 0, 0))
('Sn`', (12, 2, 6, 1, 1, 3, 2, 1, 3, 0))
('mkk', (11, 3, 7, 0, 0, 0, 3, 0, 0, 0))
('dr_b', (4, 2, 4, 0, 1, 4, 1, 15, 2, 1))
('HgHg', (0,))
('mHdr', (0,))
('gd_s', (23, 0, 0, 0, 0, 1, 0, 0, 0, 0))
('dngS', (8, 4, 14, 2, 4, 2, 0, 0, 2, 0))
('dr_r', (0,))
('drf', (9, 2, 8, 1, 1, 6, 1, 1, 0, 0))
('rgS', (9, 3, 8, 1, 1, 4, 3, 0, 0, 0))
('sw_r', (8, 0, 5, 0, 0, 8, 2, 2, 0, 11))
('md_b', (13, 4, 6, 0, 2, 6, 4, 0, 3, 0))
('s|tarr', (0,))
('gdf', (11, 3, 6, 0, 3, 3, 4, 2, 2, 0))
('qlTf', (16, 3, 6, 0, 1, 3, 4, 3, 4, 0))
('sw_`', (0,))
('gWz_y', (0,))
('qb!', (7, 3, 11, 0, 0, 3, 3, 0, 3, 0))
('hbtm', (9, 7, 7, 0, 0, 0, 3, 0, 1, 0))
('fS_m', (8, 2, 10, 0, 2, 5, 2, 2, 1, 0))
('sk_m', (0,))
('!k_b', (11, 5, 8, 0, 1, 3, 3, 1, 1, 0))
('rs_`', (5, 1, 6, 0, 3, 8, 2, 2, 2, 0))
('str', (8, 4, 0, 0, 0, 4, 8, 0, 4, 0))
('dql', (0,))
('rgm', (19, 2, 2, 2, 0, 2, 2, 0, 2, 0))
('S`dw', (0,))
('dHn', (7, 2, 5, 0, 2, 2, 2, 1, 0, 0))
('qwm', (10, 4, 5, 1, 1, 0, 1, 0, 0, 0))
('Cn_q', (46, 0, 0, 0, 0, 0, 0, 0, 0, 0))
('s`l', (0,))
('s`m', (14, 6, 6, 0, 2, 0, 0, 1, 2, 0))
('`nqS', (16, 0, 8, 0, 0, 0, 4, 0, 0, 2))
('Tr`', (5, 2, 11, 0, 0, 0, 2, 2, 0, 0))
('s`b', (11, 2, 8, 2, 1, 3, 1, 0, 0, 0))
('Try', (0, 0, 0, 0, 0, 10, 10, 0, 0, 0))
('Trx', (10, 10, 10, 0, 10, 0, 10, 0, 0, 0))
('s`r', (12, 4, 5, 0, 0, 6, 1, 0, 0, 0))
('rk_s', (0,))
('dHr', (10, 5, 5, 0, 2, 7, 5, 2, 0, 0))
('SbSb', (7, 1, 9, 0, 1, 9, 5, 0, 3, 0))
('gadm', (0,))
('brabr', (0,))
('zll', (5, 2, 5, 0, 19, 0, 1, 0, 1, 0))
('`nqf', (13, 2, 10, 0, 0, 1, 1, 0, 0, 0))
('mhz', (10, 2, 7, 0, 0, 6, 3, 0, 1, 0))
('gm_t', (7, 5, 7, 0, 5, 5, 2, 0, 1, 0))
('kWn_n', (11, 2, 4, 0, 4, 3, 0, 0, 1, 0))
('mHalf', (0,))
('mhr', (9, 2, 9, 0, 0, 2, 1, 2, 0, 0))
('qw_`', (25, 0, 0, 0, 0, 8, 0, 0, 0, 0))
('kdn', (11, 4, 8, 0, 1, 3, 1, 0, 0, 0))
('rkb', (6, 4, 8, 1, 3, 5, 2, 1, 2, 0))
('HT!', (0, 21, 0, 10, 0, 5, 0, 0, 0, 0))
('qd_m', (11, 5, 5, 0, 3, 4, 2, 2, 1, 0))
('dhss', (10, 3, 11, 0, 2, 7, 1, 0, 0, 0))
('`ll', (14, 3, 7, 0, 0, 3, 0, 0, 10, 0))
('kd`', (12, 4, 16, 4, 0, 0, 4, 0, 4, 0))
('faSy', (13, 0, 0, 0, 0, 0, 0, 0, 0, 4))
('qWsl', (12, 0, 28, 0, 2, 0, 0, 0, 0, 0))
('`bll', (20, 2, 4, 1, 0, 0, 0, 0, 0, 0))
('qb_l', (0,))
('dngWy', (7, 7, 3, 0, 0, 0, 2, 3, 1, 0))
('whb', (9, 3, 9, 1, 2, 3, 1, 1, 1, 0))
('Hkk', (5, 2, 15, 0, 2, 0, 2, 0, 0, 0))
('qWnSb', (0,))
('rd_!', (4, 1, 9, 1, 0, 4, 0, 0, 2, 0))
('nfr', (3, 3, 10, 0, 0, 0, 0, 3, 3, 3))
('ndH', (0,))
('qn_y', (7, 4, 3, 0, 0, 0, 1, 4, 2, 1))
('!w_j', (14, 8, 5, 0, 1, 5, 2, 0, 2, 0))
('zzw', (8, 0, 0, 0, 0, 0, 8, 0, 0, 0))
('!w_d', (4, 0, 13, 0, 4, 0, 4, 4, 4, 0))
('srH', (5, 1, 8, 1, 1, 5, 1, 0, 1, 0))
('mlkt', (3, 3, 3, 0, 0, 3, 7, 3, 0, 0))
('srS', (18, 2, 7, 0, 0, 0, 0, 0, 0, 0))
('qn`', (21, 3, 8, 0, 1, 0, 0, 0, 0, 0))
('rx_n', (14, 0, 16, 0, 0, 1, 0, 0, 0, 0))
('hl_w', (16, 1, 6, 0, 0, 1, 0, 0, 0, 0))
('gWbT', (11, 5, 10, 2, 0, 0, 0, 0, 0, 0))
('Hbr', (12, 6, 9, 1, 5, 3, 2, 0, 1, 0))
('rgf', (20, 0, 13, 0, 0, 0, 0, 0, 0, 0))
('bsl', (16, 3, 3, 1, 0, 1, 3, 0, 1, 0))
('sr`', (7, 2, 8, 1, 2, 3, 2, 0, 0, 0))
('kry', (13, 0, 0, 0, 3, 3, 3, 0, 0, 10))
('n|CbCb', (0,))
('qWSr', (7, 2, 12, 2, 1, 5, 2, 0, 2, 0))
('m`bl', (12, 2, 9, 0, 1, 1, 0, 0, 0, 0))
('mTT', (17, 0, 11, 0, 0, 5, 0, 0, 0, 0))
('ndf', (13, 3, 3, 0, 0, 6, 3, 0, 3, 0))
('srq', (13, 1, 11, 0, 0, 4, 2, 0, 1, 0))
('rarw', (0,))
('gW|rmrm', (0,))
('qrb', (15, 2, 7, 1, 3, 3, 2, 1, 1, 0))
('l`l', (18, 1, 4, 0, 0, 3, 3, 0, 1, 0))
('g`z', (15, 1, 12, 0, 1, 3, 1, 0, 0, 0))
('tk_!', (11, 1, 5, 0, 1, 3, 0, 1, 0, 0))
('g`r', (7, 1, 15, 0, 0, 0, 0, 0, 7, 0))
('lagS', (0,))
('n|TlTl', (0,))
('mskr', (10, 3, 13, 0, 1, 4, 0, 0, 0, 0))
('gl_l', (20, 8, 8, 0, 4, 0, 0, 0, 0, 0))
('zHl', (9, 2, 0, 0, 4, 0, 0, 0, 0, 0))
('`lb', (12, 9, 5, 1, 1, 1, 0, 0, 0, 0))
('xyT', (5, 2, 10, 0, 1, 4, 1, 0, 1, 0))
('klkl', (20, 3, 6, 0, 1, 1, 0, 0, 1, 0))
('qrS', (16, 2, 11, 1, 2, 1, 2, 0, 0, 0))
('mkr', (8, 1, 12, 0, 1, 5, 0, 0, 2, 0))
('tsfy', (18, 0, 0, 0, 0, 0, 3, 0, 0, 18))
('!z_z', (17, 3, 7, 0, 3, 1, 2, 0, 0, 0))
('gWn_S', (7, 0, 7, 0, 0, 0, 0, 7, 0, 0))
('hd!', (15, 2, 5, 0, 0, 5, 2, 2, 0, 0))
('Hb!', (6, 1, 6, 0, 2, 4, 2, 3, 2, 0))
('tns!', (9, 1, 5, 0, 4, 6, 2, 0, 0, 0))
('mbaS`', (0,))
('sdd', (9, 3, 8, 0, 0, 3, 1, 1, 3, 0))
('fn_w', (9, 3, 12, 3, 0, 1, 1, 0, 0, 0))
('dmS', (0,))
('qany', (4, 0, 4, 0, 4, 4, 0, 0, 0, 8))
('nSh', (6, 6, 0, 0, 0, 12, 0, 0, 0, 0))
('Cm_t', (10, 0, 0, 0, 0, 10, 0, 0, 0, 0))
('Htm', (9, 2, 14, 0, 4, 0, 2, 0, 0, 0))
('`Sw', (10, 5, 7, 0, 0, 3, 2, 1, 2, 0))
('nSg', (10, 5, 13, 1, 0, 3, 1, 0, 1, 0))
('dmq', (22, 4, 4, 0, 2, 0, 0, 2, 2, 0))
('xwm', (10, 0, 5, 0, 0, 0, 0, 0, 5, 0))
('brkt', (18, 0, 12, 0, 0, 3, 3, 0, 0, 0))
('fdy', (5, 3, 3, 0, 0, 5, 0, 0, 1, 0))
('dmy', (10, 8, 4, 0, 2, 2, 2, 0, 0, 0))
('`Sf', (8, 4, 4, 0, 0, 6, 4, 0, 2, 0))
('`Sd', (5, 0, 20, 0, 0, 2, 5, 0, 0, 0))
('Cnw', (15, 3, 6, 0, 0, 3, 0, 0, 3, 0))
('SnH', (7, 4, 7, 3, 1, 2, 1, 0, 0, 0))
('sgW_m', (9, 5, 5, 1, 2, 3, 2, 1, 0, 0))
('fkWs', (29, 0, 0, 0, 0, 2, 0, 0, 0, 0))
('hq_n', (6, 2, 10, 0, 1, 1, 2, 0, 3, 0))
('sl_m', (10, 3, 9, 1, 3, 9, 1, 1, 0, 0))
('gb_!', (8, 0, 0, 0, 0, 0, 0, 0, 0, 0))
('rbrb', (19, 7, 11, 0, 0, 11, 0, 0, 0, 0))
('myT', (5, 0, 0, 0, 0, 5, 5, 0, 0, 0))
('!kl', (21, 5, 3, 0, 1, 0, 0, 0, 0, 0))
('Cr_s', (7, 14, 7, 0, 0, 7, 7, 7, 0, 0))
('qyH', (0,))
('!lm', (5, 2, 25, 2, 2, 0, 2, 0, 0, 0))
('Hfs', (4, 5, 10, 0, 0, 6, 2, 0, 1, 0))
('hnS', (6, 1, 8, 0, 0, 7, 2, 0, 0, 0))
('sql', (10, 6, 12, 0, 1, 4, 3, 0, 0, 0))
('gWj_l', (0,))
('!mazn', (0,))
('qWT_b', (6, 0, 10, 0, 0, 6, 10, 0, 3, 0))
('sndw', (26, 1, 1, 0, 1, 0, 5, 0, 1, 0))
('fss', (29, 0, 5, 0, 0, 0, 2, 0, 0, 0))
('zwtr', (0,))
('masy', (7, 0, 0, 0, 0, 0, 0, 0, 0, 0))
